-2.967860333738084888e-01
-1.040341148055299592e-01
8.285310754285943879e-01
-1.202934833474100795e-01
-2.375569337907653678e-01
8.769539993053747651e-01
7.688528260331228825e-01
-1.328132478185133636e-01
9.389821771053592503e-01
-1.662310334581129645e-01
2.693136815043373211e-01
-3.322051478879269326e-01
8.780809532208283530e-01
7.176796588995634218e-01
8.233118693511353170e-01
8.712527996891430426e-01
9.039159363039648287e-01
9.256254954714564498e-01
8.312340926456300849e-01
8.700780380353896337e-01
8.723206584258050844e-01
9.052727339630971537e-01
9.162233152563984406e-01
8.998505808551513496e-01
-2.871736035293532829e-01
-3.284418020694825358e-01
-1.845837275045982273e-01
6.624410574494573600e-01
4.281311294962872882e-01
7.828168732089598736e-01
2.313484977818335286e-01
-2.901440464618078030e-01
-1.466697249163861211e-02
2.927094919108085835e-01
1.876393295865625976e-01
8.604431287068148304e-01
3.036327150912984107e-01
8.799365069507490977e-01
9.080740363186423636e-01
8.170600821803453151e-01
7.948114353194379866e-01
9.240438253275736757e-01
8.191122377391526488e-01
9.190732110960058154e-01
8.967573598795528511e-01
7.506648910086695103e-01
7.808620090581022133e-01
7.717568511144980992e-01
8.922010438796702525e-01
1.575901714635638551e-01
8.194108985580115245e-01
1.918123609930676154e-01
9.026421047165633649e-01
3.072548053419168479e-01
2.847254854204708252e-01
2.968475623874283764e-01
9.165915637321409015e-01
2.395826667643146946e-01
2.680939983369829971e-01
4.032319922185728656e-01
8.493115412813028176e-01
1.317028025749733267e-01
7.207475183257254781e-01
2.844467295890932279e-01
1.903418538059217235e-01
3.090347768198211109e-01
2.587350918583083415e-01
2.812817393414541733e-01
8.761390660887803383e-01
2.747137888118638127e-01
7.427700022924154100e-01
-1.202315197776641920e-01
-6.056353263608826865e-02
1.638806360527503628e-02
6.553226351489346291e-01
-2.213933515211162772e-01
4.799146930353740959e-01
7.005792054242858669e-01
-3.782026243021882062e-01
-2.387321936909383990e-01
6.862792034878139047e-01
-3.355203048720063475e-01
-4.370115209212704910e-01
-7.219219397460981957e-01
7.322735942512056395e-01
-3.619326397575084453e-01
-3.504011368931957415e-01
-3.474842197095950880e-01
-3.816134436274880581e-01
-3.719794445341578770e-01
-3.496892610702701520e-01
-3.664014362482957976e-01
-3.718855911214358212e-01
-3.739451543102400577e-01
-3.561559966759084706e-01
-3.771952807660370333e-01
-3.616443916969801498e-01
7.165625286247485626e-01
6.992566060608771394e-01
6.559061756954164268e-01
-3.122334305749733252e-01
-6.175745039959998905e-01
-3.256052545671667131e-01
-6.848332244770234389e-01
6.705499317588377028e-01
5.598179979289357178e-01
-7.223757686099542275e-01
-6.752866617816828398e-01
-3.506337051841961205e-01
-7.300884197045504065e-01
-3.324950096478517247e-01
-3.716881419666208108e-01
-3.734820799478896780e-01
-2.753205581804302193e-01
-3.372080686544460804e-01
-3.902553727361759983e-01
-3.520194557397196000e-01
-3.554335716160856862e-01
-3.335271547017619742e-01
-3.700663916941036025e-01
-3.646478015815526330e-01
-3.471614403079609223e-01
8.413010250639282872e-02
-3.768988673246628229e-01
-7.062624953662284266e-01
-3.548121263641925704e-01
-7.220016886339153395e-01
4.309090091803289835e-01
-6.110982376636691082e-01
-3.614742193702550899e-01
-7.152095108918018473e-01
-7.250177833517095216e-01
-7.203031611305318327e-01
-2.525156386010283249e-01
-6.211481189122600721e-01
-2.603145348237386192e-01
-7.132132593555496891e-01
-6.889046890135575030e-01
-6.229128846411909892e-01
-6.923378766929233485e-01
-6.706200880477810600e-01
-3.684746286845939078e-01
-7.025771694810987178e-01
-2.553981609328894731e-01
6.361515476234651523e-01
4.277898832793691763e-01
-6.282127733622392407e-01
-1.531514016670904310e-01
6.879992532372949388e-01
8.947856563574877464e-01
-2.742216512026117159e-01
-2.350246807229387502e-01
9.501084602767029264e-01
-1.950464725896522977e-01
-6.833512769707343892e-01
-8.867285135823925746e-01
8.965212318858903906e-01
-2.600424977751302213e-01
-2.830062104989332639e-01
-2.574078429391082334e-01
-2.703990554304718796e-01
-2.618145630115678024e-01
-2.262446028896714922e-01
-2.852091110271089969e-01
-2.749719299523353255e-01
-2.686488993106247447e-01
-2.423083404111655015e-01
-2.277695304989250935e-01
-2.521763300356258952e-01
8.769088812044762982e-01
8.301542506990429171e-01
7.165067638729993860e-01
-2.720470114013813778e-01
-7.447409628888480571e-01
-1.528523259897899278e-01
-8.940474081703642106e-01
8.772884349862763997e-01
8.736212546026769221e-01
-8.813370233743510473e-01
-8.606010852257977017e-01
-2.458189682457608827e-01
-8.893659784418037617e-01
-2.512279887212750529e-01
-2.567460808040371023e-01
-2.926334550747815566e-01
-1.977088379918006678e-01
-2.258746746058582777e-01
-3.218255632856626969e-01
-2.363542936402941996e-01
-2.415851659977282240e-01
-2.887428403102193508e-01
-3.098401771088736267e-01
-3.127027854615618274e-01
-2.399806000188914878e-01
1.303994932970847787e-01
-2.942751104202876444e-01
-9.248727884660501442e-01
-2.149706041315904981e-01
-8.806554317968997569e-01
7.145074319099533611e-01
-7.012712634016109448e-01
-2.441897174254256675e-01
-9.077658849170342492e-01
-8.960125519481019207e-01
-7.874160935465717159e-01
-1.609665426662870713e-01
-9.101847371420606070e-01
-1.946518304267085275e-01
-9.067800866347774935e-01
-8.942925412854375589e-01
-8.160089911334020840e-01
-8.160158792893374979e-01
-8.739755380834868248e-01
-2.759763327515110110e-01
-8.563291000836160682e-01
-2.671507239330788708e-01
9.101079162871881234e-01
6.795344187878045172e-01
-9.090609233346708118e-01
-1.024564404239353965e-01
-2.831434905208823904e-01
8.681128043137351646e-01
8.778324103004073731e-01
-1.660596810771154952e-01
8.784275939966605939e-01
-1.294938515375358146e-01
2.978190050745561646e-01
-3.568225079476154415e-01
8.649606768772728493e-01
8.381216541799161313e-01
8.630958374858603843e-01
8.617456200647604092e-01
8.706102681213727656e-01
8.795860518120065530e-01
8.521950264674442721e-01
8.651563130026369564e-01
8.667017558216374429e-01
8.793395387611839809e-01
8.227667953198229966e-01
8.761190132819145493e-01
-3.246135462222909940e-01
-3.597617587728840216e-01
-1.275780553443417453e-01
7.719881509258199603e-01
4.563370358320786302e-01
7.031755907665868666e-01
2.517469306221085112e-01
-3.291516257100028930e-01
-5.394668630910753188e-02
3.238544634801781008e-01
2.345901221514453405e-01
8.640702674389102445e-01
3.355766251972852610e-01
8.656902231820828852e-01
8.764876579078881846e-01
8.441830003832697660e-01
7.733548251679462915e-01
8.902173929404030295e-01
8.442113564756750232e-01
8.781718631927054597e-01
8.733553652384806743e-01
8.238868846689102465e-01
8.389741102368476477e-01
8.311879849801087072e-01
8.676157674903086647e-01
7.830186081146006671e-02
8.474190217304465866e-01
2.590532094322005596e-01
8.850137922674986557e-01
3.157617880742399352e-01
2.462698665189193559e-01
3.336719108421954960e-01
8.765536806367517642e-01
2.687129801374488203e-01
2.955166345948891382e-01
4.194462580447764211e-01
9.560046960908366032e-01
1.600427915163909753e-01
6.158444090843605556e-01
3.167034052201897487e-01
2.315682299185682913e-01
3.770124397647219849e-01
3.002729177912813463e-01
2.951903742760271232e-01
8.673589665267822379e-01
2.829875897745838254e-01
8.169366756488292136e-01
-1.442885296841777687e-01
-1.296339650977975863e-02
4.101538844714255894e-02
7.587331248468212053e-01
-1.284854064977754839e-01
-8.348738431120135417e-02
7.828646135272119277e-01
-1.072340065103385004e-01
-8.375023445934410837e-01
-7.712912286882258606e-01
6.641585187436784832e-01
-1.210664156445219464e-01
-1.098133077279303815e-01
-1.215498008783714029e-01
-8.581765458979453975e-02
-1.208354450430515759e-01
-1.255191800354701348e-01
-1.120497226697429738e-01
-1.119542591815552296e-01
-1.208160055023548285e-01
-1.336233962798208941e-01
-1.251586587623857438e-01
-1.243257500088622708e-01
6.155666434063126191e-01
6.920482235648763858e-01
7.021291149146002830e-01
-7.695144369980172483e-02
-5.671649911849766523e-01
-8.782818968296951523e-02
-7.843504604215336684e-01
6.926511630829229604e-01
8.596775432799259598e-01
-6.803360619987843805e-01
-6.011271052261221159e-01
-1.041089690438474491e-01
-6.452505676744104690e-01
-1.288005247836329359e-01
-1.304705202268138520e-01
-1.068672695393613065e-01
-9.968703571259630858e-02
-1.065569164094190974e-01
-1.312664650734706451e-01
-1.133080330790111334e-01
-1.268439031941526185e-01
-9.880880693135150883e-02
-1.077391647243354511e-01
-1.107860812731131794e-01
-1.120969152273650488e-01
5.450624805768514158e-02
-1.147719889792330195e-01
-6.435231505005254427e-01
-1.140714568678046353e-01
-7.257354945485278153e-01
4.181676158031975565e-01
-5.033816697207321722e-01
-1.263161048053217383e-01
-7.398033969529884679e-01
-6.745802657314421413e-01
-6.757163288406431434e-01
-1.072299119930876232e-01
-7.282023923445511970e-01
-6.716789734351172325e-02
-7.383366682792187330e-01
-7.155740573652032976e-01
-5.036103359578739669e-01
-6.902099834727141170e-01
-7.477025112041106869e-01
-1.239605586350589761e-01
-6.772881760090418979e-01
-1.025623891009129485e-01
8.012499631599441230e-01
9.023485108704932811e-01
-7.774002782936203504e-01
-4.283402124249766629e-01
-3.695625127629456053e-01
9.646790533510323229e-01
-3.433616337574076915e-01
-7.058011600119326046e-01
-9.624463270250809277e-01
9.418493894371267050e-01
-4.314672684680537218e-01
-4.393411555334487684e-01
-4.400074940360197973e-01
-4.171012519607061875e-01
-4.124145808831497506e-01
-3.789067785422391976e-01
-4.378698455025838987e-01
-4.258407104773254126e-01
-4.223063445617690759e-01
-4.163892132305661020e-01
-3.961277278675079394e-01
-4.018421376864996231e-01
9.357898506904265279e-01
9.197284127302172152e-01
8.146988886397857899e-01
-3.563588366702848398e-01
-8.247556407784859545e-01
-2.745562892135017252e-01
-9.578918511334535424e-01
9.179398572979751147e-01
8.814407537779178625e-01
-9.452305792383745020e-01
-8.503835803548871475e-01
-4.036528900798183606e-01
-9.403874492356475434e-01
-4.233995693850844955e-01
-4.095386206267882523e-01
-4.445982546911974032e-01
-2.747843106901168841e-01
-3.796098488246304470e-01
-4.720837879230984635e-01
-3.828588142808174166e-01
-3.983289944170301800e-01
-4.542683858745812375e-01
-4.678161711944434087e-01
-4.708549516996518580e-01
-3.910604567831098555e-01
9.209493265357096559e-02
-4.484130462460592659e-01
-9.529456520861699920e-01
-3.922997014215933720e-01
-9.466201623980804447e-01
6.435432610521727437e-01
-8.010487783285495933e-01
-4.013604050267872703e-01
-9.575798998237167181e-01
-9.338251580129079965e-01
-9.283327310433571178e-01
-2.815315813741553486e-01
-8.914846583116152745e-01
-2.785753513196325137e-01
-9.660513412864012439e-01
-9.608486083476491801e-01
-8.773908620783472667e-01
-9.171273639266673827e-01
-9.224056158174709363e-01
-4.285550321048118283e-01
-9.208076295215661400e-01
-3.535966849282489721e-01
9.117568877095660884e-01
6.371297214771396433e-01
-9.009643716986479589e-01
9.015622389812065762e-01
-3.076238954315639873e-01
9.854930892224116334e-01
-1.061521149703473221e-01
4.394026332270801194e-01
-5.225664642405396521e-01
9.886570118851087940e-01
9.305784852279437303e-01
9.674740331589100073e-01
9.961619317882991487e-01
9.968796643683250913e-01
9.919812438327361148e-01
9.949018207704143357e-01
9.992846128968801978e-01
9.985943357827806732e-01
9.821363007792147659e-01
9.573696988445589140e-01
9.977425130922006336e-01
-4.908996828118653566e-01
-4.882054138857744308e-01
-2.982362850785851283e-01
8.579926303303639923e-01
5.761021804159968118e-01
8.557643705180273397e-01
3.796771938695821524e-01
-4.697641443945970163e-01
-1.369184926390613621e-01
4.715619627237289668e-01
3.640563217572098109e-01
9.977691890098406846e-01
4.970367858528438876e-01
9.498763927319608946e-01
9.971457753866512785e-01
9.930141759232578025e-01
8.334916831769298984e-01
9.845874085632315698e-01
9.923777355408829326e-01
9.938094410243731858e-01
9.971590150752511761e-01
9.640559497575043046e-01
9.809492009111540067e-01
9.792159333592497239e-01
9.943800879052433483e-01
1.665584790956801953e-01
9.931302667939565509e-01
3.948499770366412642e-01
9.846479604136921804e-01
4.590836660619024290e-01
1.532515557798206640e-01
4.197483039355073275e-01
9.944137375346896457e-01
4.168917083398051560e-01
4.546456062534057763e-01
5.855453251822281269e-01
8.992569354395310022e-01
2.727201238699725749e-01
7.786311117431654605e-01
4.637476703425832958e-01
3.726050856396605493e-01
5.224422670924664391e-01
4.290054755574885803e-01
4.198629420037315318e-01
9.987370828659513089e-01
4.253648863097046484e-01
9.011061905882947753e-01
-2.847833620260947773e-01
-6.317741448155701767e-02
1.615554571582357712e-01
-2.497076739705840209e-01
8.851183949320595712e-01
-9.334163040473661410e-02
3.791021720147295659e-01
-4.513281445287243843e-01
9.187364033448264244e-01
8.727187008961562187e-01
9.128651678313445261e-01
9.006325357778586227e-01
8.941310496169032618e-01
8.901507858813421104e-01
8.953703842411866454e-01
9.003977840490453577e-01
9.034939776824002511e-01
9.277110975375910673e-01
8.507335154905087959e-01
8.961037009164323219e-01
-4.281199398418690238e-01
-4.313581052237674962e-01
-1.664087414953831501e-01
8.659786618204676767e-01
5.024759461961775253e-01
5.834113338074924382e-01
3.198958231119800599e-01
-4.171362953867933099e-01
-1.038836052803001064e-01
4.091378975427161779e-01
3.350448299641028416e-01
9.011590654238126330e-01
4.323686195198830351e-01
9.337645575985302759e-01
8.963391030059288944e-01
8.979619577105402151e-01
8.176993617159724614e-01
9.213499798130214691e-01
8.954866608482225931e-01
8.922699333483339323e-01
8.968134056969387924e-01
9.195033818789515312e-01
9.052773961347302389e-01
9.111523504693457287e-01
8.942038495984876434e-01
2.066775462265630914e-01
8.961580428610673721e-01
3.524371447566670978e-01
8.899352263177331412e-01
3.925089798793769402e-01
1.787394519706209661e-01
3.497104525239365658e-01
8.924888697565008799e-01
3.563727127053121779e-01
3.936488354550014002e-01
5.142348393664570860e-01
8.743146535084287407e-01
2.355898497843638140e-01
7.033240650588602483e-01
3.989167389531351748e-01
3.164840830137928274e-01
4.965223609870000887e-01
3.557850627948674904e-01
3.541842491905939916e-01
8.981047661033036977e-01
3.668444937956162333e-01
7.975658274325813091e-01
-2.145086930123329405e-01
6.867462189368431918e-03
1.206170549118688040e-01
-2.259123731219912501e-01
-7.888252921144667251e-01
-9.596870173382767710e-01
9.485723762464981501e-01
-3.058140356621215084e-01
-3.214633471412881027e-01
-3.083598607640083422e-01
-2.986262095810467976e-01
-2.940613209117434734e-01
-2.568733231762281299e-01
-3.148493848109352733e-01
-3.041840391203437521e-01
-3.040222375090467777e-01
-2.881925304488456852e-01
-2.724314385184237741e-01
-2.800192089925288008e-01
9.332806894891063632e-01
9.024340756019544330e-01
8.376202861081667450e-01
-2.649160502465274791e-01
-7.496168042372632900e-01
-1.827816325803595654e-01
-9.678607489662280905e-01
9.407800035965478980e-01
9.250506438961401123e-01
-9.424739599741354112e-01
-8.812087219691036033e-01
-2.796119356249925358e-01
-9.429608331470371585e-01
-2.956918919854099048e-01
-2.879253870658797787e-01
-3.238752610590039382e-01
-1.709585239717885952e-01
-2.554931930728053802e-01
-3.516475792294478930e-01
-2.638405683795629342e-01
-2.747461219479935268e-01
-3.322765996831932300e-01
-3.403412081675195044e-01
-3.459207891525982737e-01
-2.721601397028658997e-01
1.010210038843497166e-01
-3.264839766822437706e-01
-9.480194003234195810e-01
-2.678528027707941517e-01
-9.512295629412625964e-01
7.367604776944189915e-01
-7.474777363749434134e-01
-2.779704122888450035e-01
-9.748031981047979855e-01
-9.535937138599854812e-01
-8.871105918063000306e-01
-1.713213624424445580e-01
-9.521149820018875998e-01
-1.891621613494483545e-01
-9.685687477507642917e-01
-9.619608905383316699e-01
-8.473255510850271621e-01
-9.023855056794833907e-01
-9.453580975743276493e-01
-3.073391023765714714e-01
-9.305981111559546992e-01
-2.601859252871987493e-01
9.507503169618547467e-01
7.402729497332320996e-01
-9.707867013989424088e-01
-1.505249573644199534e-01
3.646949786832126561e-01
-4.445819110496291859e-01
9.777260200235625698e-01
8.865666304390441566e-01
9.461519974544547740e-01
9.802075596188856155e-01
9.923825449940126830e-01
9.976301494613042387e-01
9.673009457405894462e-01
9.826691736373084352e-01
9.832797477724537494e-01
9.835344452073804256e-01
9.674010830145931550e-01
9.926019480488001978e-01
-4.024574134788846402e-01
-4.113549380783750320e-01
-2.355482255592346030e-01
8.211282602312750534e-01
5.046116602835765130e-01
8.559530995815650689e-01
3.027472593813570478e-01
-3.895997492789871064e-01
-7.073943806799240508e-02
3.881742351350833120e-01
2.875469338721441392e-01
9.804721824780729955e-01
4.133353449627154008e-01
9.506062590423167702e-01
9.936490554689381138e-01
9.618031441490472178e-01
8.441373416149964282e-01
9.912149583055864799e-01
9.598031041767206561e-01
9.965506067042141369e-01
9.921961777039536301e-01
9.196749599995351909e-01
9.391761064667952796e-01
9.382175614356951243e-01
9.899281884181965196e-01
1.827968976975386517e-01
9.613793319574333029e-01
3.057254026453795626e-01
9.837606564006269316e-01
3.857675523545289753e-01
2.390394333306420926e-01
3.403919641978258026e-01
9.942245436529371094e-01
3.357907953845005733e-01
3.745621116278617380e-01
5.120109120818345794e-01
9.118704210890474782e-01
1.949551784053134285e-01
7.790788851779044677e-01
3.825403813036483136e-01
2.840235565635121917e-01
4.281822434829208879e-01
3.505693667961744531e-01
3.498831949409807462e-01
9.838980449469951761e-01
3.488330197466568694e-01
8.759998822001121566e-01
-2.156792215617505115e-01
-4.983374359567963735e-02
8.576375566550734075e-02
7.474201924932077912e-01
-6.435013018596493772e-01
-9.968859511513025740e-02
-8.235128807581128252e-02
-1.040552899744600079e-01
-1.213061518484450929e-01
-1.125551082891546040e-01
-1.352991049918902955e-01
-1.108037999617343394e-01
-1.177535194885508951e-01
-9.917179371704287760e-02
-9.939317271228392814e-02
-1.286010157978501600e-01
-1.279494903014735674e-01
-6.323705646934498770e-01
-6.672370553152080497e-01
-7.018837994871267583e-01
-7.052848188279248198e-02
3.504408662510549166e-01
-1.649904999008487694e-01
7.687564915835605195e-01
-6.566226246591976290e-01
-8.238693705125075262e-01
6.635694332083572622e-01
6.807180998301245456e-01
-1.289879415278387953e-01
6.437570997215702473e-01
-9.561602150790224353e-02
-1.159950332187231342e-01
-1.080650618791761525e-01
-1.459916035953748581e-01
-1.349766588079706620e-01
-8.390330053274812350e-02
-1.328364498773816071e-01
-1.268171846504224376e-01
-1.019735843133317277e-01
-1.024366163098401339e-01
-9.057881385114817385e-02
-1.258575180393550763e-01
-9.452990953401615992e-02
-1.009573973721007295e-01
6.686140443244705800e-01
-1.216452044773826402e-01
7.001070748820041878e-01
-7.375612447156389972e-01
5.069178698988752174e-01
-1.201036349837356354e-01
7.395663595501862364e-01
6.883116450264228359e-01
6.158879168397879411e-01
-1.386238743458509115e-01
7.598689281985366861e-01
-1.206512077607690969e-01
7.084707203732505398e-01
7.487779116221613407e-01
4.688616497964582797e-01
6.810898765788623299e-01
7.392469235972406461e-01
-1.076495492571625245e-01
6.976450485985767891e-01
-1.115348223327725791e-01
-7.408896139600338326e-01
-7.766504079093060620e-01
8.684709316517256195e-01
-9.701781632076678097e-01
4.306447840631406621e-01
4.344087579702561319e-01
4.277701502233620667e-01
4.339362839017155693e-01
4.263423738569355192e-01
3.917675079454819853e-01
4.400431165371260223e-01
4.306674739932528362e-01
4.360695044205292747e-01
4.215704950534726603e-01
3.925263421131415242e-01
4.141846837344708709e-01
-9.583061374246646391e-01
-9.536610051208256333e-01
-8.620183019269005431e-01
3.802328883553779959e-01
7.668934273030730830e-01
3.008840367134186788e-01
9.720570884003711942e-01
-9.532621993343960431e-01
-8.657918806946517387e-01
9.739025354447576888e-01
8.829434935586581989e-01
4.097528092632910512e-01
9.703267927307595020e-01
4.131103707018183302e-01
4.231038299541814984e-01
4.453840619984444915e-01
2.898914068126863253e-01
3.926292084633477009e-01
4.672441227878076919e-01
3.968439814482449535e-01
4.076840501169269881e-01
4.406454037794325096e-01
4.632166590076399748e-01
4.615502183389559310e-01
4.020324398811203626e-01
-6.623813334390557528e-02
4.547615192342082113e-01
9.420814873353022811e-01
4.042346294124489203e-01
9.827712184317723976e-01
-6.341783956862283578e-01
7.871438138402541140e-01
4.100059448317315280e-01
9.853291327259563470e-01
9.729400640523593324e-01
9.644123411359843967e-01
3.079250404473484748e-01
9.194181223125068581e-01
3.132494131687796335e-01
9.816973023673583043e-01
9.631714916514498848e-01
8.394043078544113357e-01
9.175705833156462266e-01
9.580813016588940467e-01
4.338334639093422984e-01
9.618700183669712800e-01
3.749624333324541037e-01
-8.744502827414188939e-01
-6.759355428983064851e-01
9.229358319333227367e-01
-5.106625483934855714e-01
-5.113208354697502678e-01
-5.048607762361181361e-01
-5.232779060336396615e-01
-5.081952533817912787e-01
-4.679932033590145091e-01
-5.225719292116877135e-01
-5.158856980972309492e-01
-5.205854407808159223e-01
-4.985559536719689211e-01
-4.700620856656725910e-01
-4.947577369232430966e-01
9.727148478970707446e-01
9.428235445820596361e-01
8.200571242595697807e-01
-4.563740774527146882e-01
-7.935772786221393371e-01
-3.740527189348097359e-01
-9.422018956748248186e-01
9.718580286577038763e-01
8.256808113692620799e-01
-9.790335261786735632e-01
-8.940984428577201104e-01
-4.919755773595562709e-01
-9.910582493535498028e-01
-4.880615195436224241e-01
-5.020469388092579921e-01
-5.328979091912156019e-01
-3.540678199559773032e-01
-4.713970424961996253e-01
-5.531564075208125209e-01
-4.776579914097763280e-01
-4.842486746107624307e-01
-5.341092187948055514e-01
-5.491529441691859192e-01
-5.479364513771525225e-01
-4.804406191417300853e-01
6.325694073678103657e-02
-5.394071191815105193e-01
-9.466355163805695305e-01
-4.831963644524952528e-01
-9.785060120996613708e-01
6.202171700452818737e-01
-7.766567295740132160e-01
-4.867977454039441598e-01
-9.842031319353203855e-01
-9.937466202469671384e-01
-9.583876881585841057e-01
-3.697104176709964385e-01
-9.092967367454414251e-01
-3.796342873858525313e-01
-9.764486948283461754e-01
-9.417007929165353008e-01
-8.761806068260804548e-01
-9.193101572684055922e-01
-9.413236142206404811e-01
-5.156945711941609556e-01
-9.537097431518575252e-01
-4.560142812629341402e-01
8.848425698542101703e-01
6.293324166353500004e-01
-8.988796813289570142e-01
9.232480335491246581e-01
9.773239157294887347e-01
9.838985916496860717e-01
9.886155702896182174e-01
9.844353099896876458e-01
9.800920211478409971e-01
9.890077892577321395e-01
9.865706245166488975e-01
9.945675574818859666e-01
9.767093000093016730e-01
9.852592972497973278e-01
-4.866438917480409021e-01
-4.753234706851128810e-01
-3.095457556623995576e-01
8.304006193164579219e-01
5.689867088585474075e-01
7.967154745249633852e-01
3.788094298431060047e-01
-4.581592959211428506e-01
-1.266015369245738209e-01
4.622845447985022838e-01
3.522224558120262694e-01
9.860701692803086615e-01
4.865666225631535280e-01
9.825414908752255760e-01
9.872112189810207106e-01
9.807806415118858201e-01
8.401340587158773188e-01
9.878399682579533936e-01
9.807410724475281727e-01
9.845497385691805992e-01
9.883888286401567580e-01
9.662713436065839545e-01
9.685027434108665068e-01
9.749113192920821902e-01
9.869868437017098595e-01
1.732188213117590581e-01
9.766957778125455736e-01
3.846082044898275765e-01
9.783515347184332800e-01
4.527445006973627728e-01
1.445837277948808508e-01
4.044297123548783457e-01
9.885847747482376935e-01
4.090312555591561483e-01
4.427963469941698649e-01
5.840444261906767576e-01
8.897082650771453993e-01
2.656228355841306898e-01
7.533877846402541323e-01
4.573300951762555022e-01
3.720818177338918176e-01
5.238926978678032365e-01
4.221605827205427430e-01
4.193905050092958664e-01
9.887945549258396749e-01
4.239902447828123311e-01
8.716067145381223291e-01
-2.811085800061507434e-01
-4.357576527350564416e-02
1.589668754062983080e-01
9.639386723811187441e-01
9.232470349132404497e-01
9.152731676619206835e-01
9.012074537199050717e-01
9.445952795065749585e-01
9.332354551537629384e-01
9.293443452244188885e-01
9.038946764085937779e-01
8.689228861421770533e-01
9.187390531784149772e-01
-4.843089571481365430e-01
-4.620847316472890265e-01
-2.906576691880362051e-01
8.344073523807039594e-01
5.357664993065476278e-01
7.644780214453320566e-01
3.705266602841139623e-01
-4.678176883551512510e-01
-1.573266454218132104e-01
4.584070978582207023e-01
3.711956851512304700e-01
9.371140207962562751e-01
4.858096850391743216e-01
8.830833340503602136e-01
9.134283663321861590e-01
9.483833072434124656e-01
7.259541517936641819e-01
8.971053134710653687e-01
9.467165464785620710e-01
9.049387657472722779e-01
9.205283814362318351e-01
9.521369746189011218e-01
9.528889369062356618e-01
9.552714723833213295e-01
9.172485875309415171e-01
1.413619058318097699e-01
9.468861902376550788e-01
4.038999284966198200e-01
9.166770641677250975e-01
4.380847509927869310e-01
1.149587282174811681e-01
3.847649694419842392e-01
9.085348984081402790e-01
4.124337303393061926e-01
4.455142981627748799e-01
5.644096536305042155e-01
8.496361094230416855e-01
2.666242982875627332e-01
6.789939255691588293e-01
4.552344826470938743e-01
3.739315822605728812e-01
5.217858513654620722e-01
4.431660110748686376e-01
3.999068012565675789e-01
9.306035919943317358e-01
4.045644668363778118e-01
8.169445645552302349e-01
-3.020213145149448497e-01
-4.964166003302353941e-02
1.745487212305549818e-01
9.607787089140473746e-01
9.617590592534709382e-01
9.561024025754725209e-01
9.659995281895106256e-01
9.688488471718724737e-01
9.650295131665214132e-01
9.704317820781895865e-01
9.394037342718872807e-01
9.619866410592716743e-01
-4.793447593504270854e-01
-4.664538862016117116e-01
-3.019726877622944672e-01
8.164768705207707811e-01
5.626732820397913892e-01
7.678021225156898000e-01
3.714967717962959770e-01
-4.521549975897831142e-01
-1.432716206413650606e-01
4.555003466937636025e-01
3.515028404490685987e-01
9.681664043243073392e-01
4.801094280104316048e-01
9.606082017367401082e-01
9.614391683182359483e-01
9.679998549557397025e-01
7.604694275644661161e-01
9.618131620675536286e-01
9.680866228171498555e-01
9.565660225352019541e-01
9.649664044537862306e-01
9.657112182621412355e-01
9.645155138827199437e-01
9.713146689174134707e-01
9.616733728992792329e-01
1.602613163025565779e-01
9.641416526841791734e-01
3.912978838109164581e-01
9.686514377177221080e-01
4.414336900977421374e-01
1.517740140472177979e-01
3.906074646110815896e-01
9.608428585660150345e-01
4.038448067791286511e-01
4.360264919917373749e-01
5.740058899695630323e-01
8.797621406521978216e-01
2.497413149951385747e-01
7.171866070561061512e-01
4.525848890799604174e-01
3.687267217153344379e-01
5.225830965014721663e-01
4.399902260716355151e-01
4.104025279331655618e-01
9.674126373273204127e-01
4.086930716969996435e-01
8.222313820607427548e-01
-2.894874591350570792e-01
-3.666454370163281518e-02
1.554013313894164194e-01
9.938280623811482917e-01
9.861721798062688116e-01
9.911688425964436666e-01
9.959759005045712987e-01
9.969058869035365422e-01
9.781200182742177951e-01
9.504324655108691289e-01
9.927404722236188306e-01
-5.035133028009709522e-01
-4.985029054634662615e-01
-2.958392310761698840e-01
8.586308783721835480e-01
5.757530822131586845e-01
8.508489797568087321e-01
3.777163126496976275e-01
-4.716311240099683166e-01
-1.195965864056318106e-01
4.781046056714718939e-01
3.726791020925794840e-01
9.926744706753726222e-01
5.053442241437057225e-01
9.440860569112958789e-01
9.936237422476236203e-01
9.891897147839445736e-01
8.266584919966546430e-01
9.814727608117405078e-01
9.877208085286455219e-01
9.904416614521931450e-01
9.910581250813790266e-01
9.570167243079550357e-01
9.780769151606546474e-01
9.743497453147277332e-01
9.909221740424044578e-01
1.596080239617121976e-01
9.898457117352070789e-01
4.046228275738997793e-01
9.807137214736212361e-01
4.611723278504664680e-01
1.302959782629680152e-01
4.444849409774082605e-01
9.896025807562172094e-01
4.168920230879096800e-01
4.602382383360538176e-01
5.849468623753912855e-01
8.933969575602058732e-01
2.766980965892764655e-01
7.834151564849551885e-01
4.637789770399990408e-01
3.786387944282631479e-01
5.318502319114737364e-01
4.296560485455659384e-01
4.198383248125122646e-01
9.946339532650749771e-01
4.365121325395486807e-01
8.977910196663257958e-01
-2.578767374679058477e-01
-1.451327784460586939e-02
1.605853240609804167e-01
9.969174818285162498e-01
9.876435780439134504e-01
9.963205919411698419e-01
9.941550630574500502e-01
9.851023688491460373e-01
9.664788120984466602e-01
9.984771332511777064e-01
-4.771445761884863246e-01
-4.726948944742670466e-01
-2.933641646212839516e-01
8.420847968494982183e-01
5.578461140335694290e-01
8.570063208012645983e-01
3.694283816141394339e-01
-4.564025630300601044e-01
-1.194356817084510913e-01
4.574434531645019675e-01
3.526505947305729194e-01
9.922027835883785452e-01
4.823367704311209980e-01
9.554006648797236378e-01
9.989271156356707149e-01
9.835661668719803963e-01
8.354072605413487285e-01
9.908786690588515800e-01
9.832422370511526566e-01
9.984036076208865351e-01
9.973513727615173075e-01
9.472505111374036613e-01
9.675916516039235749e-01
9.661761043613765754e-01
9.963156965510322483e-01
1.728340898685997995e-01
9.836783687758912098e-01
3.789560694226312143e-01
9.869926734629397291e-01
4.493115028061523963e-01
1.553592518706775061e-01
4.080585479427269457e-01
9.983710522399451559e-01
4.023005353008947127e-01
4.395823383755814717e-01
5.708637498612330052e-01
8.999858240532203624e-01
2.634300153917276122e-01
7.793959573201278968e-01
4.498337210943348374e-01
3.593491331717713066e-01
5.086634296149757928e-01
4.127864814870020327e-01
4.131896457014218038e-01
9.973495833107299813e-01
4.168781194090781517e-01
8.897852997278971054e-01
-2.691622628607391876e-01
-5.745749804017707268e-02
1.518652357885055815e-01
9.785543284464093272e-01
9.904806985380152362e-01
9.887284663905899773e-01
9.855849821879254513e-01
9.693460741005497372e-01
9.973526120790205951e-01
-4.338681610209134121e-01
-4.398595364146278275e-01
-2.626890242411407672e-01
8.299186330187138250e-01
5.420213454143707477e-01
8.582822219754702164e-01
3.361229119234989127e-01
-4.173279604113156460e-01
-9.536792670312881082e-02
4.182302000280239129e-01
3.116702579033538978e-01
9.875877890121274039e-01
4.406083854986371229e-01
9.554580421996474726e-01
9.980425933879173428e-01
9.728315716523188161e-01
8.432250345304277417e-01
9.926816219891285709e-01
9.721719482775215138e-01
9.991497122546204590e-01
9.973175560740002998e-01
9.325366760595350524e-01
9.535578130568067579e-01
9.520866206903274565e-01
9.950085542725327636e-01
1.764817422345792419e-01
9.725373571547438756e-01
3.376841316251517067e-01
9.865226680378569313e-01
4.132134830547483650e-01
2.098201183681678850e-01
3.766496334645720312e-01
9.986027121093745684e-01
3.634095270367660446e-01
3.977781122928832902e-01
5.376007256900137143e-01
9.096065667064167082e-01
2.254506204729236074e-01
7.796124515889769624e-01
4.140102245929816460e-01
3.196374929728135195e-01
4.692016323470929451e-01
3.786606409656745886e-01
3.799148609563975376e-01
9.920043479311086987e-01
3.779208890893261397e-01
8.836406094372447617e-01
-2.405012987736849794e-01
-5.575287641443607556e-02
1.118407793844915232e-01
9.965938527702835614e-01
9.933956189198516196e-01
9.656030965130879551e-01
9.369601861054681624e-01
9.896115464740939949e-01
-4.980473207010977510e-01
-4.861944112757452530e-01
-2.944941361011272907e-01
8.706050730684982142e-01
5.791295700103089583e-01
8.552440108208484437e-01
3.817993956880297857e-01
-4.717387786752068601e-01
-1.367875996522382176e-01
4.727939335754200445e-01
3.681495663908235239e-01
9.968633210028777780e-01
4.993236864818773046e-01
9.324090612913756848e-01
9.869114392201776553e-01
9.986588493090889918e-01
8.152218017276853246e-01
9.677703650476030539e-01
9.978843647881641132e-01
9.817943050567780050e-01
9.897818082307150434e-01
9.737817059329383351e-01
9.916425603825905766e-01
9.898682922566646170e-01
9.876954197728842200e-01
1.705831744289278418e-01
9.987196011568282294e-01
4.051085864935448644e-01
9.725335773726735411e-01
4.555722966796652562e-01
1.357968530449069067e-01
4.226553631762599572e-01
9.833238627793357001e-01
4.179541117439365405e-01
4.538524766810032030e-01
5.830899316155624401e-01
8.833417744187803677e-01
2.764744102900401623e-01
7.666031049139209186e-01
4.672680963315798963e-01
3.815183213146476349e-01
5.411967057771360778e-01
4.305683767831638975e-01
4.187299971835360402e-01
9.954912503529290690e-01
4.237032016674450174e-01
9.069304610841155689e-01
-2.894965586323006157e-01
-4.410226204633622971e-02
1.643265390549899507e-01
9.976424182838328214e-01
9.801518758053757718e-01
9.564577874117969891e-01
9.967420379446417789e-01
-4.874072250896495095e-01
-4.791197324573668870e-01
-2.898178878658788649e-01
8.587070913024752450e-01
5.741918412126265636e-01
8.544344601558493402e-01
3.736917544043329431e-01
-4.625476413411540588e-01
-1.291786473681694747e-01
4.646491751416970128e-01
3.606340720742799988e-01
9.980190610105388327e-01
4.909967567308722858e-01
9.499874635075775675e-01
9.958278610359749816e-01
9.947743665480504038e-01
8.298859862415934874e-01
9.830810619869357891e-01
9.945321257485101318e-01
9.928729818540693586e-01
9.964371190449559101e-01
9.662354579985095171e-01
9.829058025520700514e-01
9.820436378114387743e-01
9.945946174058387657e-01
1.661468844173606407e-01
9.940432884287749848e-01
3.941475512089638311e-01
9.831590422748248681e-01
4.506192299356313047e-01
1.463556844444366400e-01
4.183903496692367163e-01
9.937493817266981333e-01
4.093815818230004400e-01
4.467850137752801265e-01
5.756565649438614152e-01
8.953364885088527236e-01
2.681332109570777611e-01
7.756901137678553493e-01
4.581056277416661882e-01
3.695532926305695742e-01
5.264837689606263194e-01
4.221708795697731720e-01
4.131794199010220270e-01
9.994396276826339465e-01
4.182829808282819695e-01
9.007106939960274339e-01
-2.810606451741758938e-01
-4.728337196043702617e-02
1.559042826994776476e-01
9.805917071074090607e-01
9.524263297918746929e-01
9.947706960751753202e-01
-4.910983512526100880e-01
-4.927087487834586055e-01
-2.943303399877671422e-01
8.622628335570903246e-01
5.698032863666688819e-01
8.529406629293516673e-01
3.778859404227450369e-01
-4.673907571623608925e-01
-1.373635850291906046e-01
4.699032559759112049e-01
3.654013257748427446e-01
9.974142312576432801e-01
4.966858091707974654e-01
9.456783311539765924e-01
9.950617074186967059e-01
9.920182921060323178e-01
8.326259258888810688e-01
9.816763931236932583e-01
9.913910023813122807e-01
9.914982953213709038e-01
9.945739254515946204e-01
9.645330058965877473e-01
9.801846387910264635e-01
9.776910236803812992e-01
9.920642420580670917e-01
1.674354234041923184e-01
9.922549438138195121e-01
3.953038022330482848e-01
9.826367430043072559e-01
4.558405218621243149e-01
1.467542834835623422e-01
4.269988096115777121e-01
9.918672175110178069e-01
4.160390484920941656e-01
4.552113442473826321e-01
5.827116075774776416e-01
9.004484791881928185e-01
2.738593556436866305e-01
7.786533188478628187e-01
4.620448840600391294e-01
3.737015927224438538e-01
5.180657930166788772e-01
4.289076162869837061e-01
4.172380833400010647e-01
9.964763596962908920e-01
4.258347141461045204e-01
9.023468306815229933e-01
-2.758586947584505955e-01
-5.415818270041496824e-02
1.626445727558577248e-01
9.771362379303762946e-01
9.823980584147427031e-01
-4.684158500570269057e-01
-4.696097001425397210e-01
-2.904246120989770752e-01
8.211658714585824415e-01
5.588219100310918286e-01
7.811571273801997117e-01
3.649749752353158572e-01
-4.447456947874682820e-01
-1.265346478345312775e-01
4.495247002642008272e-01
3.398817213959237638e-01
9.764754200458618527e-01
4.732248589999027422e-01
9.874538165671091772e-01
9.856548655784410640e-01
9.649946103064312997e-01
8.459803715326164042e-01
9.936700742803444841e-01
9.645425583616836773e-01
9.846613913890414072e-01
9.844881993885910010e-01
9.483373992777615058e-01
9.513563678671430601e-01
9.570241999791772036e-01
9.823808032617696862e-01
1.749842516438447348e-01
9.617018986030703154e-01
3.729883631412886369e-01
9.794212899774277226e-01
4.433267833378052303e-01
1.759168666348207843e-01
3.933271631087373876e-01
9.866037272450144391e-01
3.963901207629555445e-01
4.322798803290347491e-01
5.747009657273129957e-01
9.021037394930051523e-01
2.504527976668551870e-01
7.574980857584067140e-01
4.430737249079745310e-01
3.539687911598207726e-01
4.973796168304909782e-01
4.096835006404628832e-01
4.049360142487996583e-01
9.801475676656372649e-01
4.119725939225403755e-01
8.578626674870659663e-01
-2.664771524804488978e-01
-4.758395967077303640e-02
1.462844470534537533e-01
9.603107133275251561e-01
-4.421855250885359245e-01
-4.336590990941329160e-01
-3.157559829138546492e-01
7.319799572923891828e-01
5.544662545387445407e-01
7.867597990153940568e-01
3.481105763133338638e-01
-4.175164234041511824e-01
-1.032057278235671283e-01
4.227109844927771642e-01
2.983766449937733656e-01
9.501533163631865619e-01
4.435579526647693283e-01
9.693366969103026642e-01
9.650192615614053837e-01
9.358642343126579721e-01
8.608265792156644114e-01
9.703062125277119865e-01
9.365678905315206748e-01
9.659299548155908521e-01
9.642902623612451540e-01
9.110994323516495852e-01
9.139423422488052173e-01
9.211477678125474799e-01
9.624940484289234988e-01
1.613314795584190053e-01
9.301932393653031816e-01
3.352365682392111079e-01
9.463686430587776588e-01
4.223343163165913516e-01
1.771074166446237053e-01
3.676956618651140429e-01
9.706640249012820076e-01
3.708137387581769140e-01
4.013074364529284344e-01
5.488005683541272717e-01
8.574346374400039217e-01
2.306537416267263052e-01
7.249825661739994764e-01
4.186323204210780080e-01
3.310874498558931123e-01
4.673025796171649260e-01
3.837644849714173523e-01
3.841047940586989062e-01
9.578249583010725043e-01
3.923271448905222281e-01
8.223948793193003315e-01
-2.587571164209571117e-01
-5.337658161608740959e-02
1.278628312915683907e-01
-4.599741436763222779e-01
-4.612734818129641812e-01
-2.752436133558794351e-01
8.492893862199897281e-01
5.593361975908346384e-01
8.632238538742007528e-01
3.544689031485140918e-01
-4.426791870060249323e-01
-1.139394850297721778e-01
4.434780240876050605e-01
3.378255600600374997e-01
9.944487695028417784e-01
4.675762620338235753e-01
9.495294359234955905e-01
9.991754450445383684e-01
9.852038022621492086e-01
8.369166409096981951e-01
9.893616338088259132e-01
9.844309809130411537e-01
9.981077454103174373e-01
9.987189260230772136e-01
9.493413543692090784e-01
9.706888466260517045e-01
9.680036148926881578e-01
9.958967002101439814e-01
1.716753043431792636e-01
9.859174229500765607e-01
3.655512493308202826e-01
9.866259128753576135e-01
4.341903720976039160e-01
1.866080925535905655e-01
3.947244633623072652e-01
9.974849630906188480e-01
3.879727441410449340e-01
4.246873861793302174e-01
5.586184797049053019e-01
9.056426054612299881e-01
2.462678238442933543e-01
7.825194856750508077e-01
4.367362166756475483e-01
3.425524701526365678e-01
4.955331407911932606e-01
4.008033951424714858e-01
3.966696298104906981e-01
9.973068936073206103e-01
3.978485179918877512e-01
8.963765045679107368e-01
-2.622336109966395545e-01
-5.892036068673813659e-02
1.331165296032021661e-01
9.715393891308219398e-01
8.450100943426541722e-01
-4.272373293174097642e-01
-8.263432999567988935e-01
-3.365754335188395063e-01
-9.628789750271283809e-01
9.695488403203610384e-01
7.912148626730304279e-01
-9.910702085386295934e-01
-8.874501096765583519e-01
-4.613789999584543278e-01
-9.932310849697838506e-01
-4.648980036256178949e-01
-4.714621387044444223e-01
-5.055974154605353821e-01
-3.259268893752715890e-01
-4.388080192400013457e-01
-5.253799300257242511e-01
-4.451486809195095429e-01
-4.531808185876113337e-01
-5.017432402753601028e-01
-5.260089668007608132e-01
-5.216495440800847927e-01
-4.553612650889191094e-01
7.262976721801350788e-02
-5.119024490268297978e-01
-9.582140640879596161e-01
-4.491954259863353283e-01
-9.819212883911438983e-01
6.715830210306957815e-01
-8.585259387938871667e-01
-4.570412402823255116e-01
-9.781576826199638308e-01
-9.796120268912230644e-01
-9.601380679695787901e-01
-3.336315134089206103e-01
-9.278925026651211327e-01
-3.570056390110184497e-01
-9.843705625923280245e-01
-9.760252257846759871e-01
-9.211028264790073194e-01
-9.234409560119269944e-01
-9.587673362153319445e-01
-4.877468130482746078e-01
-9.858171109915192520e-01
-4.264905453232529786e-01
8.155456387031876364e-01
5.179547068909392538e-01
-8.952471570668694145e-01
8.460243143242803798e-01
-4.250539583112092901e-01
-8.518062547262916784e-01
-3.492751934491180599e-01
-9.665299258926565162e-01
9.502376805227533696e-01
8.048486049104588425e-01
-9.823960875851380781e-01
-8.580888643060538001e-01
-4.582998016084023352e-01
-9.706126444659781694e-01
-4.527592710921057861e-01
-4.758657657134442442e-01
-4.876540895670494757e-01
-3.453816447554641789e-01
-4.421214888799883669e-01
-5.091422880989592281e-01
-4.476970945714965344e-01
-4.539370964381074236e-01
-4.771255680427076706e-01
-5.121944082067176884e-01
-4.948780235795704474e-01
-4.486217571204086374e-01
7.743026760706862854e-02
-5.011779354102734452e-01
-9.273856580460733134e-01
-4.524538708574321610e-01
-9.757560331996674163e-01
6.075995151928599292e-01
-9.009120576188331952e-01
-4.606110714611267865e-01
-9.650918445618053010e-01
-9.560047010865500017e-01
-9.596074125729328053e-01
-3.638379766619129208e-01
-9.146332335894769017e-01
-3.736121166324315457e-01
-9.747848831012031479e-01
-9.680427197806162898e-01
-8.813524422289918947e-01
-9.265383453659039592e-01
-9.551950851028991885e-01
-4.807581805310462975e-01
-9.806364185346980733e-01
-4.271248913773518230e-01
7.725916758089408365e-01
5.431051944239660978e-01
-8.720850697296838039e-01
-1.696935297616534721e-01
-6.471261171293942738e-01
-2.438829748523459739e-01
-8.830956262992617489e-01
8.311168056621204281e-01
7.352653947427908454e-01
-8.593703996651385069e-01
-7.629794155814981771e-01
-2.681542859495723574e-01
-8.395813795927451473e-01
-2.961134140716581431e-01
-2.882573625458986766e-01
-2.972655235691047393e-01
-1.514686817600994218e-01
-2.577056051256568225e-01
-3.162697141596148009e-01
-2.651667135508032347e-01
-2.731826437527102858e-01
-2.882818140275140162e-01
-3.072270226835300266e-01
-3.081675712245823817e-01
-2.727877921441400622e-01
8.589150463197937901e-02
-3.056199025253404367e-01
-7.779211969574504337e-01
-2.758871964086728190e-01
-8.745805199214508052e-01
6.332167409508405731e-01
-7.143620679853235345e-01
-2.815154711755259997e-01
-8.655081879225783315e-01
-8.387423788343748576e-01
-8.454479991680046158e-01
-1.337338977150064334e-01
-8.092041003341013949e-01
-1.769236577759503992e-01
-8.636730732289189527e-01
-8.670298261349782543e-01
-6.941468247826370064e-01
-8.165466981846660754e-01
-8.741239788891735918e-01
-2.967609716284895782e-01
-8.784651491582995408e-01
-2.244822779344429475e-01
7.388209632939899407e-01
6.041936227176989416e-01
-8.366089637880720353e-01
4.642677850153787422e-01
7.064992296512646597e-01
3.138232383123988889e-01
-4.200571724840378995e-01
-1.283510356980965272e-01
4.053339362493646458e-01
3.653467130513414207e-01
8.634734599781408448e-01
4.348698890427042940e-01
7.861610649204977541e-01
8.431900489793701103e-01
8.707158573122153467e-01
7.426273985090554586e-01
8.264415663334312434e-01
8.673332274371791106e-01
8.376750512560223738e-01
8.461647795731377375e-01
8.614476321442607887e-01
8.753372111695156832e-01
8.700158523510997943e-01
8.454668772200614191e-01
1.894864517985817010e-01
8.734763467480839427e-01
3.721835780246486314e-01
8.315803147424079000e-01
3.817357030864790279e-01
1.152862982502662337e-01
3.666339867812281605e-01
8.331138766659913486e-01
3.613776534610499969e-01
4.018097065764840714e-01
4.841483905240085983e-01
8.095238645403148858e-01
2.519051087572539704e-01
6.967518567257914297e-01
3.988526162594414615e-01
3.201861316436795946e-01
4.696164040376077375e-01
3.561618799750380093e-01
3.433009661284609493e-01
8.557790475009385833e-01
3.525693836344041543e-01
8.357003099176489869e-01
-2.368672695180563392e-01
-3.030791362454759996e-02
1.467861341820377030e-01
4.341205873049185926e-01
8.119017157912393756e-01
-8.027798512122932273e-01
-6.649899753927148716e-01
8.373070377815690080e-01
6.695307334778308750e-01
5.528582711954699302e-01
8.193882270273966650e-01
5.575546900749059898e-01
5.684941386514885675e-01
5.783190216134663775e-01
4.998953147379781581e-01
5.351057503913047020e-01
6.006219575583180426e-01
5.427782534946539172e-01
5.548334255667274340e-01
5.696658424051567193e-01
6.053982001522246748e-01
5.860711205829816084e-01
5.426301032699494264e-01
-9.983965954994011849e-02
5.843733632503393949e-01
7.981566662698906800e-01
5.264160426241939472e-01
8.155167873862340100e-01
-3.581452004576396453e-01
8.330980679388646504e-01
5.576098844661869780e-01
7.926059179446025560e-01
7.768325218707683444e-01
8.169207885290086235e-01
4.539537788791230821e-01
7.406744981629199698e-01
4.305449335210520534e-01
8.364492830830529968e-01
8.094762543346725181e-01
8.473368505396682293e-01
8.016090506102779845e-01
7.946973096930119995e-01
5.736333940903798334e-01
8.021118428414548696e-01
5.133269733918631728e-01
-6.841760949043824702e-01
-3.907963002861057911e-01
6.429659852839786360e-01
2.480385745139032649e-01
-3.244652445878352109e-01
-5.361008912476789706e-02
3.257895524831058154e-01
2.171168282914252012e-01
8.559107055643397910e-01
3.473959706980699336e-01
6.979260386070830213e-01
8.585371938418572269e-01
8.438719924401429928e-01
6.305208275405950191e-01
8.026265912875296671e-01
8.409034825358115972e-01
8.599402848758286311e-01
8.594045744557302635e-01
7.537385308682873486e-01
8.141157214113901031e-01
7.960976172914860927e-01
8.573025585559002071e-01
1.050951450023396017e-01
8.498089036535615426e-01
2.530239051639139869e-01
8.514756223535118185e-01
3.187205876820310979e-01
1.964661388580698220e-01
3.343791249031099477e-01
8.547531696701016202e-01
2.784211283513961521e-01
3.114711247472042310e-01
4.217326414181516991e-01
7.569253260695728569e-01
1.517235018707321637e-01
7.015925633096986580e-01
3.211531285677253766e-01
2.359572879592669592e-01
3.250051905014147424e-01
3.187370083337878746e-01
2.902489600534863823e-01
8.562187932716878169e-01
2.814233415754607281e-01
8.494400608359717886e-01
-1.839525221188841875e-01
-6.459487327224081032e-02
6.011791419253306040e-02
-9.603318068317352463e-01
-8.798295141995635671e-01
9.753547608241091016e-01
8.707463769282612898e-01
3.492374697409037498e-01
9.599169765904014273e-01
3.682215683501994796e-01
3.672305814511619970e-01
3.837050443958812673e-01
2.490249920224177904e-01
3.362987429583700894e-01
4.099048285768802091e-01
3.416706758046117454e-01
3.499176623554798859e-01
3.793170236666345563e-01
4.026527241100615329e-01
3.968128879137816645e-01
3.474956452164414400e-01
-8.046255684776879025e-02
3.923278162763079169e-01
9.372131084494446096e-01
3.442800265482005018e-01
9.820868676398848418e-01
-6.987272234449231068e-01
8.472930170770616165e-01
3.579108864707262194e-01
9.823516749436194129e-01
9.545190544053725468e-01
9.346710056365102881e-01
2.509045971103387451e-01
9.628166934984485614e-01
2.627995538538396847e-01
9.894061505238709309e-01
9.900653577676092887e-01
8.813526301318872491e-01
9.224922616667008413e-01
9.821546346679356221e-01
3.794483943981034058e-01
9.801713544711478932e-01
3.197256509289496118e-01
-8.648262266602291248e-01
-6.692864689126553079e-01
9.447522667534380414e-01
8.421487347215188546e-01
-9.789960451433881161e-01
-8.637900656898498397e-01
-4.377103142914441358e-01
-9.779049680777036624e-01
-4.413566629944000175e-01
-4.507715147605911854e-01
-4.784269296939175353e-01
-3.273402999495228505e-01
-4.199918669665844151e-01
-4.973222021843937135e-01
-4.267193169694267763e-01
-4.332567610379696177e-01
-4.855411418297301829e-01
-4.974515429778868514e-01
-4.906044339143750821e-01
-4.336530578602115216e-01
2.947593207513538038e-02
-4.863942282451345078e-01
-9.258756746583441943e-01
-4.300206336516555483e-01
-9.806008583319787419e-01
6.313278247636811003e-01
-8.016772499097301052e-01
-4.355411789822570268e-01
-9.801478834573051913e-01
-9.778583709724247841e-01
-9.391997038543212772e-01
-3.353478375496725672e-01
-9.540980479204139719e-01
-3.422365597819462257e-01
-9.777764467545225768e-01
-9.478059184236906631e-01
-8.879214125402945523e-01
-8.979364280792603292e-01
-9.551734800020856841e-01
-4.657233267293267032e-01
-9.693948221736559123e-01
-4.157406489486585310e-01
8.543503657870936685e-01
6.486702166971376471e-01
-9.133870300138652309e-01
-8.229194495258952413e-01
-7.582790998359779655e-01
-1.091165209871565039e-01
-8.143801701314561381e-01
-1.294370484914120489e-01
-1.202706519761154724e-01
-1.437280494587891422e-01
-5.943931068593507477e-02
-9.056277365657063039e-02
-1.720603825757897609e-01
-1.000808408637592906e-01
-1.082379379473547981e-01
-1.631540902081485278e-01
-1.579180149349653506e-01
-1.624932307918555141e-01
-1.045874695717377983e-01
1.204870562172237897e-01
-1.461514816200669142e-01
-8.700766571791871407e-01
-1.057810329037424529e-01
-8.374728237255182339e-01
6.873016106296356842e-01
-6.787124097252612565e-01
-1.089267930811774893e-01
-8.770159474945312672e-01
-8.433453358220086571e-01
-7.505722577534004181e-01
-6.262247223793548923e-02
-8.825772753342275845e-01
-6.928651350805015152e-02
-8.643443250653058962e-01
-8.619231939642478801e-01
-6.596806349254578095e-01
-8.078671464698115035e-01
-8.331666550978715780e-01
-1.343019455070680879e-01
-8.063009242502545693e-01
-1.114127882177390894e-01
9.126882074606763595e-01
8.117465881277328155e-01
-9.308020030647201626e-01
8.884175366658058071e-01
4.389374947373316238e-01
9.950042374862764216e-01
4.436495905073528645e-01
4.544691881276415879e-01
4.784686334563783006e-01
3.176306371944541684e-01
4.232949471567822863e-01
4.998418252721438804e-01
4.270517589229364530e-01
4.338098050591892019e-01
4.752000462068869391e-01
5.013591394216934116e-01
4.918763276755379055e-01
4.304515803372030991e-01
-8.502315185463844849e-02
4.887631388106525865e-01
9.514338755769484735e-01
4.328233025276094215e-01
9.954064787611677234e-01
-6.546894471512244573e-01
8.601716466209508027e-01
4.394406604146371964e-01
9.895945249853744796e-01
9.859398874795284318e-01
9.683031961594519288e-01
3.251632302142316577e-01
9.364193843502472969e-01
3.492115951607837054e-01
9.912343548986151109e-01
9.762715402873304305e-01
9.048799564538254625e-01
9.332485167933932679e-01
9.684620125301081073e-01
4.662451757961090237e-01
9.896607111218416186e-01
4.069450211660305405e-01
-8.355017882159732068e-01
-5.841236973979209157e-01
9.063448857445981499e-01
3.338868926786845437e-01
8.972032932697598939e-01
3.371848842452889183e-01
3.454317582031413147e-01
3.756123493030801841e-01
2.139238087403289579e-01
3.239392809878497426e-01
3.973601628914814055e-01
3.255453454565609972e-01
3.254160515726308711e-01
3.679627887320784940e-01
3.900670980734027848e-01
3.929903499308610160e-01
3.288816410695738490e-01
-1.636894215875036307e-01
3.819194553001723502e-01
8.935244298924043260e-01
3.306947756407365713e-01
8.840171979951481074e-01
-7.021937063147869473e-01
7.330978617469989800e-01
3.308333896849424693e-01
8.977695178912394880e-01
9.023917660302906985e-01
8.331648872961129326e-01
2.167307506332502021e-01
8.507339105225660836e-01
2.851949590830469283e-01
8.898213225441018448e-01
8.837744540929157733e-01
7.949565604503689986e-01
8.104112836583243773e-01
8.618344240019166769e-01
3.621449212481501201e-01
8.749281755543463213e-01
2.960361574918110028e-01
-8.001058105995452197e-01
-5.610007406856212242e-01
8.683758139072838000e-01
4.656629573640952424e-01
9.427718436299554750e-01
9.929464359128715722e-01
9.954744539001121328e-01
8.297201231577202574e-01
9.778150822494162675e-01
9.942146078480575966e-01
9.891312342186273643e-01
9.956679053764656562e-01
9.703069451666759271e-01
9.850440674781080208e-01
9.834570880878812371e-01
9.919383722720068741e-01
1.770587519235491958e-01
9.950917204713567443e-01
3.649558981274118596e-01
9.803430302491118464e-01
4.247944543781075888e-01
1.816532241669563674e-01
3.907661195414168787e-01
9.906539752125842480e-01
3.855479470446424584e-01
4.221332397572081785e-01
5.579439606076052049e-01
8.976734104474759501e-01
2.413432110109288986e-01
7.703903980208081093e-01
4.339911025129461475e-01
3.443198506815868254e-01
5.016969940393916083e-01
4.013710749383297416e-01
3.883758027254033962e-01
9.966916783572215000e-01
3.917191045309321717e-01
9.046226046164020929e-01
-2.598344876266169279e-01
-3.841852567005650532e-02
1.287054931507959354e-01
4.643306580537359118e-01
4.775398032052082797e-01
5.077251980589576608e-01
3.324065093637439960e-01
4.457377932837182088e-01
5.278722605376430232e-01
4.512898198088441393e-01
4.577388221069059737e-01
5.056975315933764925e-01
5.281441898779426491e-01
5.223883951966870054e-01
4.560073765241917654e-01
-7.715914126867381984e-02
5.157928418996936548e-01
9.582478782878968149e-01
4.566156913225447034e-01
9.889807011082047961e-01
-6.513674272803858800e-01
8.343974607947630684e-01
4.615434733709918858e-01
9.884493921908779068e-01
9.942844002482045251e-01
9.655401247184187685e-01
3.444904199375394827e-01
9.269177864496266350e-01
3.664840463686939165e-01
9.866717014304740019e-01
9.661609694376895874e-01
9.020721998153746757e-01
9.288910537109484888e-01
9.567978012326614490e-01
4.908896380778487445e-01
9.800961979114767297e-01
4.330536863961178540e-01
-8.459602322131172247e-01
-5.732922731883576262e-01
9.028688209864190739e-01
9.537599223659033454e-01
9.338749062872078177e-01
8.352008124869637617e-01
9.764168854394505992e-01
9.350801140467492889e-01
9.535561729703344591e-01
9.532334789873047054e-01
9.342612326634620601e-01
9.224598018625509432e-01
9.355957774424794593e-01
9.528161242985653256e-01
1.761188140889561327e-01
9.267995900621830430e-01
3.723031290050153319e-01
9.503290524555809693e-01
4.386306196355476139e-01
1.473873791343253137e-01
3.818185063736080354e-01
9.582232310117300145e-01
3.914209377538980794e-01
4.216899805240228449e-01
5.623310829872517624e-01
8.745513622514171637e-01
2.568893439037311377e-01
7.191649822362387035e-01
4.399262297185652093e-01
3.565140616850165367e-01
5.108351299234193954e-01
3.977198764414756615e-01
4.058494850579539293e-01
9.509199759417150677e-01
4.102887542711149971e-01
8.133373724914636504e-01
-2.742750926564101466e-01
-3.983421120418360190e-02
1.534417108905684057e-01
9.823043989942660259e-01
8.390537656567436109e-01
9.911830119750764112e-01
9.822500585157056818e-01
9.986713272305227651e-01
9.983250993375191173e-01
9.455695273900444064e-01
9.675890837833220903e-01
9.640285524367784298e-01
9.953848081692125982e-01
1.679921971089052279e-01
9.831628366993924173e-01
3.741492979006450503e-01
9.874999710326243241e-01
4.456107591984811989e-01
1.748339977503075848e-01
4.127936525643693400e-01
9.988897322995510253e-01
3.979396249893553117e-01
4.338321923068624852e-01
5.689745397218509693e-01
9.058934592845655498e-01
2.584363593156759897e-01
7.823210087498804199e-01
4.470288055025675722e-01
3.556478716601997325e-01
5.047326571714041421e-01
4.120469207602625028e-01
4.094816992110905662e-01
9.964004140602626958e-01
4.127703030558959041e-01
8.917724390757419961e-01
-2.626533012289422042e-01
-5.771148633224616742e-02
1.430656648987065349e-01
8.127732578162629729e-01
9.634353813839697800e-01
9.987397573992959909e-01
9.763578142221884804e-01
9.860283595136623003e-01
9.812371361664382619e-01
9.930115261378416047e-01
9.940166755300530177e-01
9.840105443712494626e-01
1.669123625939994693e-01
9.984674859809243852e-01
4.132246485402452096e-01
9.689239363881395617e-01
4.600284499961219686e-01
1.274675933775584746e-01
4.168923541188834792e-01
9.781232037842533256e-01
4.258460663122672907e-01
4.643188251622630824e-01
5.899378401565068542e-01
8.774566282807836348e-01
2.801719047927737627e-01
7.606462190482242702e-01
4.725939633048502619e-01
3.855793403802674213e-01
5.453035402800020526e-01
4.370838354643221679e-01
4.204976685428329919e-01
9.925504841733030492e-01
4.273212544538383950e-01
9.053190985924497447e-01
-3.028902620434618664e-01
-4.751737918977772673e-02
1.724197685071943709e-01
8.436060818235482373e-01
8.098031019741421810e-01
8.402293967399334651e-01
8.396772381285545483e-01
7.964290333866153038e-01
7.969916579381703947e-01
7.971955881299568336e-01
8.369963149233126121e-01
1.601786147252403092e-01
8.101282153076641013e-01
2.428585480690990950e-01
7.670806835818316793e-01
3.139336309241190781e-01
2.347086801325487249e-01
2.990210480151090922e-01
8.401728026881741807e-01
2.701731192443782570e-01
2.981199440225805741e-01
4.240262815817019137e-01
8.370551384612623380e-01
1.648203047176438341e-01
5.984296596991262041e-01
3.129760105018383198e-01
2.270283334870067116e-01
3.510760218789618081e-01
2.610033964099596204e-01
2.609583082155020328e-01
8.307620031495392965e-01
2.861101943944299730e-01
8.139938765336660609e-01
-1.614159990911471221e-01
-3.387573728704083159e-02
5.348891936468037900e-02
9.631403754881173729e-01
9.927197835903813772e-01
9.879409815156110497e-01
9.359703925487377063e-01
9.481231310531562650e-01
9.495758398315664595e-01
9.863757787041054215e-01
1.751218839861355958e-01
9.627971354231892320e-01
3.436788700826817755e-01
9.834524003987440421e-01
4.169721663198030503e-01
1.943742913836803976e-01
3.763945393621508373e-01
9.920381355950088631e-01
3.658344208623645066e-01
4.030673709907811597e-01
5.394968573155038971e-01
9.094086103012376521e-01
2.291033961850565681e-01
7.732572876565844133e-01
4.141741429334645508e-01
3.222730334190999635e-01
4.800962728939868196e-01
3.722543884677839698e-01
3.803125968609067376e-01
9.845075358681206756e-01
3.845517174638791724e-01
8.631190650594264824e-01
-2.316600703206933010e-01
-3.337212078265903298e-02
1.155943663414637917e-01
9.757135238807659317e-01
9.847948522451522857e-01
9.801737873257028166e-01
9.931748258319392786e-01
9.928332644991062494e-01
9.814955971290917347e-01
1.572039845037605243e-01
9.977334658093468533e-01
4.375962569414290071e-01
9.683755948947205816e-01
4.815498878957527040e-01
1.004772451786156012e-01
4.424931695490658123e-01
9.789033199727158463e-01
4.485785848749554439e-01
4.839236966222087433e-01
6.052863303524760319e-01
8.744062239899006439e-01
3.065167847903861875e-01
7.580852711027620261e-01
4.959351260500328706e-01
4.116559898608410095e-01
5.688533514960648629e-01
4.593625558102526485e-01
4.440620639812773995e-01
9.926305748717006994e-01
4.486221657161040821e-01
9.017114081822443783e-01
-3.291947373876903948e-01
-6.882801383984818444e-02
1.979431104747679526e-01
9.970706952758600083e-01
9.361310730551097858e-01
9.575769003945659996e-01
9.559957087996251435e-01
9.962714582529291762e-01
1.749196634703796827e-01
9.761902879264302557e-01
3.511280684480168057e-01
9.869231567880543121e-01
4.199345230776355686e-01
1.876634623454421780e-01
3.886713635798595412e-01
9.985160960369016125e-01
3.716887285140975106e-01
4.086870707047339235e-01
5.410217389423730427e-01
9.081225749794572533e-01
2.355719777160729111e-01
7.832776814533320975e-01
4.213841587747895190e-01
3.289885272174180031e-01
4.784453750917905257e-01
3.846503309596713827e-01
3.854677048205493728e-01
9.942668081496226495e-01
3.866929737844191917e-01
8.874634830755665504e-01
-2.435707893802507296e-01
-4.797971937338124659e-02
1.226632651433746668e-01
9.516518580495633151e-01
9.700847314145502054e-01
9.696777709579589288e-01
9.974948741520506257e-01
1.782382271161665477e-01
9.851191127322084240e-01
3.563415734027672310e-01
9.858393235424219858e-01
4.254512592711472418e-01
1.981015835819772419e-01
3.849532426393804663e-01
9.975063885553114851e-01
3.798974123769958688e-01
4.142199036775460752e-01
5.550279910280899731e-01
9.063059075549749766e-01
2.383965148825901159e-01
7.761484576628439047e-01
4.307455646367770452e-01
3.377353889205971238e-01
4.901465827057056024e-01
3.955340524529314949e-01
3.916206528765904249e-01
9.967899153836166093e-01
3.906944152733287101e-01
8.957761814606022277e-01
-2.574741004167370728e-01
-5.501523473116097518e-02
1.256595447548610189e-01
9.864194155775901640e-01
9.915552500141870951e-01
9.466474147870561628e-01
1.795761560981532778e-01
9.779116010562969308e-01
4.100323376521296526e-01
9.364100286256256123e-01
4.531425107012984066e-01
1.222357593887022364e-01
3.880594373047636658e-01
9.412210857563515498e-01
4.285189600002836663e-01
4.661284061203854190e-01
5.865471318387187605e-01
8.483903913057222468e-01
2.852270040586942779e-01
7.149272025416966159e-01
4.690337235089684920e-01
3.833433700652043585e-01
5.536808117017224529e-01
4.284921249436384194e-01
4.080904269463558331e-01
9.620124933556621905e-01
4.196115722136314896e-01
8.740127834639095372e-01
-3.196031453302931036e-01
-4.934872158798487424e-02
1.792129828808627368e-01
9.945211150232817765e-01
9.636201891791866814e-01
1.618472158069157729e-01
9.951510567460972734e-01
4.320076625866631215e-01
9.533608261006919493e-01
4.783261752050973481e-01
1.170107598832259566e-01
4.404077504390965792e-01
9.620174915643529001e-01
4.447372070671984368e-01
4.812353174006439582e-01
6.073453818583165464e-01
8.619979638639434505e-01
2.998680149999831124e-01
7.456149954985035189e-01
4.902770780748261226e-01
4.081207441657943580e-01
5.765841944480012415e-01
4.566002972991497488e-01
4.352947912537591391e-01
9.795263420155010392e-01
4.472321456761462199e-01
8.957215222750060102e-01
-3.087846889891161517e-01
-3.332973087058153927e-02
1.836647889000714295e-01
9.673272025222918735e-01
1.672403242548814728e-01
9.913016871660560447e-01
4.340377919457722999e-01
9.518953385051154292e-01
4.710598704298282202e-01
1.077073105747884396e-01
4.099276802151103349e-01
9.591973499868127195e-01
4.417032849524608062e-01
4.792781164001020944e-01
6.043409763295123360e-01
8.586581793047263211e-01
2.907548127537018523e-01
7.365973413972408679e-01
4.871430984444107826e-01
4.034392626164368112e-01
5.663254191880903177e-01
4.500542320834086119e-01
4.301719177359634161e-01
9.788931478944451481e-01
4.372078905647588387e-01
8.906166546288307728e-01
-3.280630725757237021e-01
-4.499876771957166816e-02
1.911457748621752106e-01
1.843416782436196888e-01
9.811096035472709476e-01
3.607024811110862705e-01
9.830797481902575630e-01
4.220302983474265579e-01
1.772833679146236796e-01
3.852180664755487927e-01
9.945533758067430785e-01
3.767914570702323718e-01
4.130257255088963797e-01
5.486468106664718070e-01
9.030666826836972749e-01
2.401180431779310620e-01
7.768198312806859906e-01
4.288203780125667830e-01
3.382365400002682598e-01
4.874298292941460775e-01
3.890163697347974181e-01
3.901546209070290150e-01
9.957630808338504558e-01
3.909247734725955215e-01
8.941231389069054236e-01
-2.521852658372271683e-01
-4.325135517066484858e-02
1.317884885968241826e-01
1.659171510367218327e-01
-1.175027737011059559e-01
1.710359894298990602e-01
-7.123178982776237622e-02
1.865445581527303553e-01
-1.324182922598186318e-01
1.721974369060608745e-01
-8.062356908921242127e-02
-7.721556808353345625e-02
-3.122578751231969152e-02
1.025815960659453296e-01
-6.390637316762759479e-02
2.416229815264385183e-01
-7.406068697370254972e-02
-9.904480232938109308e-02
-5.390954686640683780e-02
-1.458432949623945651e-01
-8.282779896339817483e-02
1.700681250379164067e-01
-7.325353062498793366e-02
1.263737633605599986e-01
9.805316597951516111e-02
3.804823179860672422e-02
-1.076265419452195754e-01
4.156547786588506987e-01
9.689259568200937478e-01
4.701935673492390055e-01
1.265468404175373041e-01
4.306076615177326650e-01
9.783462482957445694e-01
4.337905757649110905e-01
4.715899074797763046e-01
5.987370442203563403e-01
8.776715428679231490e-01
2.881784964706003427e-01
7.642700123392212053e-01
4.793379928935254108e-01
3.930408961142198287e-01
5.507142396021873498e-01
4.449354628311572579e-01
4.294220175529125383e-01
9.920889648308213182e-01
4.377820709871288463e-01
9.064893610498960808e-01
-2.986948667375484701e-01
-5.057431841047532045e-02
1.762928334871431413e-01
3.556365576335427936e-01
9.389529684552044841e-01
-7.294524360000471663e-01
8.512066376868734352e-01
3.590618136081171752e-01
9.545797000363733797e-01
9.532829628009900080e-01
8.938831272052892851e-01
2.615995678182108097e-01
9.098030945844711725e-01
2.928853124632244675e-01
9.595210482223188730e-01
9.617743771956064336e-01
8.672800767738320094e-01
9.011820133114178955e-01
9.050182585965014237e-01
3.943614329743920233e-01
9.303232063330478807e-01
3.437753097271252778e-01
-8.622588270812050482e-01
-5.445677167731510782e-01
9.157183967070020580e-01
4.245437218447893901e-01
1.832277540327247878e-01
3.935574801493731956e-01
9.871456028987927178e-01
3.776330348945935445e-01
4.148163007762988297e-01
5.509569914496572629e-01
8.956066706174203862e-01
2.357517471068839021e-01
7.694033181448745040e-01
4.242590379336678152e-01
3.336636920723175526e-01
4.802159448657595808e-01
3.965949849992312926e-01
3.918843055080024063e-01
9.836524072278282071e-01
3.907499873384778777e-01
8.523807275821456697e-01
-2.458204554119872154e-01
-4.412488190830763518e-02
1.256547147082432148e-01
-6.473677194717646355e-01
8.320484246002326501e-01
4.324628600343186635e-01
9.928517085574620760e-01
9.850041006369982810e-01
9.702093840906834687e-01
3.193734470046313834e-01
9.419645004553163226e-01
3.359857982343880112e-01
9.919152898717211730e-01
9.730348062063658432e-01
8.851916420559020615e-01
9.307806081397512754e-01
9.777068933865753486e-01
4.540211227917158032e-01
9.899540148389465166e-01
3.896411006643247799e-01
-8.525914999220803869e-01
-6.370720825896414308e-01
9.195512356190735925e-01
-6.379124741057088377e-01
1.782628573762005120e-01
-6.876618154899855062e-01
-6.687524669844751024e-01
-5.109604505353141368e-01
2.713201982791288991e-01
-7.509506687815740156e-01
1.418639484008626939e-01
-6.610085774448664075e-01
-7.456321674320400827e-01
-5.683188290830207823e-01
-6.264312309644415322e-01
-6.664216524867052627e-01
1.399120610998798031e-01
-6.873365328019984677e-01
1.583911663497582778e-01
6.290117530039548432e-01
4.181441946992074943e-01
-8.288413226934542299e-01
4.035443267503582288e-01
8.123367001709392854e-01
7.955514568319301816e-01
7.994257466286763814e-01
3.098172826343771336e-01
7.962046891830412143e-01
3.535443420866958286e-01
8.417620382335859741e-01
8.770261929955830427e-01
8.084622155736420623e-01
8.210665039710898228e-01
8.144756030815171188e-01
4.218423778593279327e-01
8.652753048757160226e-01
3.646068026775454163e-01
-5.773078381219185484e-01
-2.920337867952499389e-01
7.286812025044397956e-01
3.838871699080314559e-01
4.169318220431144639e-01
5.555229700329487041e-01
9.041790937977637332e-01
2.474301226206188087e-01
7.763055668725167280e-01
4.342910458735828039e-01
3.451818770924717228e-01
4.956361991981763637e-01
3.999884360117009763e-01
4.000643711657111967e-01
9.950377155972454091e-01
4.004405851460212662e-01
8.843241353521723580e-01
-2.537054124786389808e-01
-5.250124637729518262e-02
1.318337369644783375e-01
9.921823448772807419e-01
9.550130392555339354e-01
2.761637802732747060e-01
9.529673921233697831e-01
2.946043998983699508e-01
9.935922410741464539e-01
9.779433522515367239e-01
8.747670268820347816e-01
9.334964418205066172e-01
9.714107723638892855e-01
4.115645480251725052e-01
9.795790119401540652e-01
3.597138948329274832e-01
-8.918725956159779811e-01
-6.730175928326423973e-01
9.480176765828594032e-01
9.541615341395662808e-01
3.088475201733726916e-01
9.312594100233990702e-01
3.328890512852731298e-01
9.808425168487555634e-01
9.564921093437521726e-01
8.664227081569200184e-01
9.231865862400855383e-01
9.508989958203475368e-01
4.467838085878446108e-01
9.702299737315044359e-01
3.966871428725119997e-01
-8.731331241140334321e-01
-6.314204040968773857e-01
9.265555540137027091e-01
4.356434223076179335e-01
8.514198278980724677e-01
4.234251259824310387e-01
9.598889517702628993e-01
9.298297996758557726e-01
8.624257465328272199e-01
9.161479253230855324e-01
9.344468763737019401e-01
5.765624656792277536e-01
9.546841578512852422e-01
5.010746982238024616e-01
-7.926946841634886498e-01
-5.496540361995952972e-01
8.284605905233980438e-01
1.543473287849087550e-01
6.121165525781846473e-01
3.235146808060186396e-01
2.305103343285403450e-01
3.673032630324679082e-01
3.110987396306429398e-01
2.905791136711725065e-01
8.959810521284050644e-01
2.860694596535671153e-01
8.683810324474994236e-01
-1.548487600017014743e-01
-3.223548980846884654e-02
4.558607536441314223e-02
1.902224825743357162e-01
9.496658701023340532e-01
9.514714508281034711e-01
8.536360412257351094e-01
8.376786349843453605e-01
9.463733918272072554e-01
2.732648988794464384e-01
9.488845266325931505e-01
2.373035227940256675e-01
-8.445168569455370200e-01
-6.839560658698264906e-01
9.554554785499779213e-01
3.320993370600662242e-01
2.562001721750912231e-01
3.636738230392322357e-01
2.980899916858147924e-01
2.956155910061172287e-01
7.760730938235651521e-01
3.117538769129529208e-01
7.208135812530084285e-01
-1.574355604403361308e-01
-1.300030077828943920e-02
9.185945336988382559e-02
9.854915505833163891e-01
9.020575505773543723e-01
9.346976489707012892e-01
9.772165124936667002e-01
4.610415240122170411e-01
9.818321222813088944e-01
4.029210740746375086e-01
-8.785009570763593345e-01
-6.424078403505648627e-01
9.291146213179676261e-01
8.963495098921301363e-01
9.285891798850451906e-01
9.678663230326203237e-01
3.732054923776823574e-01
9.797590287647779395e-01
3.150836137767472067e-01
-8.460099741670131790e-01
-5.878604776828355583e-01
9.408628046880423978e-01
8.364713377409840334e-01
8.743189066470024029e-01
5.262750316939138751e-01
8.927637945095507899e-01
4.559085340788298080e-01
-7.419039875666528783e-01
-3.987209840779728509e-01
7.666211012014022552e-01
9.234877582060022627e-01
4.229100323056790289e-01
9.185106573976932198e-01
3.635078168475304183e-01
-8.302355500898308538e-01
-5.768283711919961476e-01
8.610708948741632174e-01
4.187835559439025412e-01
9.764037996721279811e-01
3.504780915802601649e-01
-8.403940727751639805e-01
-6.561661383021875071e-01
9.198364295488714593e-01
4.216203150547644940e-01
8.988033739296419355e-01
-2.837591594559661368e-01
-5.770979567192810467e-02
1.618153940910133648e-01
3.576372310602626281e-01
-7.968316987866239653e-01
-5.685057229863268446e-01
9.142776573051499822e-01
-2.467582963458183065e-01
-6.101700420345730624e-02
1.301522610438692884e-01
8.263094371544668082e-01
-9.034065130992372517e-01
-7.497088250949313082e-01
