1.792368861866569034e+02
1.876834337398024672e+02
2.393132914137649152e+02
1.696649001264718777e+02
1.713211160986779760e+02
2.513606520507290156e+02
2.424557424491173094e+02
1.637121103030889913e+02
2.289314685954622348e+02
1.715107348216665457e+02
1.562177861925675586e+02
1.913930633928407019e+02
2.482270320875894924e+02
2.733506141643645719e+02
2.741997313161344323e+02
2.717535764548591146e+02
2.732949900651109374e+02
2.692944714066676397e+02
2.714059873885233287e+02
2.657439856454466849e+02
2.684178674067075008e+02
2.612220072262648500e+02
2.641299377390219547e+02
2.554712193922952395e+02
2.115045171464284977e+02
2.031411356761518618e+02
2.121260932427881016e+02
2.584486858777625571e+02
1.923843707910646117e+02
2.315983926641098094e+02
1.622957325789670051e+02
1.858496561007946184e+02
1.530618873612007178e+02
9.651044043480717960e+01
1.206541142850163908e+02
1.670570037799957959e+02
6.335303038480644489e+01
1.687729613732570328e+02
1.470172272468569759e+02
1.253131027604221828e+02
1.265498813261241651e+02
1.021380207296038236e+02
1.029827030751129939e+02
7.831074466338779416e+01
7.775049343122012147e+01
5.238227369276248879e+01
5.265351508946381642e+01
2.634704025334307786e+01
2.641680559323517485e+01
1.390285941413964679e+02
1.873082032003073323e+02
9.296683909626339926e+01
1.485836169388460917e+02
8.359324265726462500e+01
1.425430834127537878e+02
1.318274209271928044e+02
2.187397379294991424e+02
1.515664361555952269e+02
1.220624718421476302e+02
1.496115614900842843e+02
2.015316862510046008e+02
1.394435114193085496e+02
2.162616870400736957e+02
1.396164264271897366e+02
1.033009782663425824e+02
1.063229257129635243e+02
1.297142920248982989e+02
9.871483514386918046e+01
1.852491068790781981e+02
1.274246477834678046e+02
2.039123564547062415e+02
1.800000273530164066e+02
1.667114218881378633e+02
1.157922411416773230e+02
3.832527400392882555e+01
1.369072023020697202e+02
1.088542653476361544e+01
5.669510048846042594e+01
1.845289672711389244e+02
1.927469820700751768e+02
6.187483334998810136e+01
1.445164884918185066e+02
6.016204970083269643e+01
9.140292645344756295e+01
3.216493665135190838e+01
1.285883374882774319e+02
9.437926117661461944e+01
1.138473419142580099e+02
9.374611235167901668e+01
1.257347637547082968e+02
9.687420280005915174e+01
1.384439926813237207e+02
1.028255069549340561e+02
1.511917905069231836e+02
1.108054300187768604e+02
1.633817801973546580e+02
1.196938630973034208e+02
9.485629156972106557e+01
7.985990397721016620e+01
1.072078180128065412e+02
1.745749164135721969e+02
2.351780184260682560e+01
1.991255072953375134e+02
7.313988003184967113e+01
8.560309558297396038e+00
1.038869157510078338e+02
1.363385714033238969e+02
1.565184930704487556e+02
1.628559734203591631e+02
1.175882611891330782e+02
2.064125321417947418e+02
1.651426073829008203e+02
1.669894606156090049e+02
2.010900494064998156e+02
1.687395641587252726e+02
1.970657447553303143e+02
1.925692827845297757e+02
1.706843038469084490e+02
1.729456652160293402e+02
1.877236210956407945e+02
1.758371169128649854e+02
1.831472392261160564e+02
4.261173645247044561e+01
2.070905236369564477e+02
1.230897035330897324e+02
2.043685961321343143e+02
9.761890502390598101e+01
9.274425501846560849e+01
8.646935871343023905e+01
2.035219523567269562e+02
8.814416903248093149e+01
5.951405711718089009e+01
1.307126628967021702e+02
1.556359337425289198e+02
1.388474405159997502e+02
1.506624567545792104e+02
1.039200570021311449e+02
7.806703238422758773e+01
9.598953883623221373e+01
1.475887497947784937e+02
1.056511362420026217e+02
1.597250142406984992e+02
1.202405605694511479e+02
2.060840868918718911e+02
5.704108699728396914e+01
1.125535162927275508e+02
8.941136537596639755e+01
9.859302775054466395e+01
4.532631565736566870e+01
9.464661608281161875e+01
2.227663994855465717e+02
2.310504761376623719e+02
9.908691956153865021e+01
1.066506371963683222e+02
2.963307800585750584e+01
1.276365389137038591e+02
8.996439471834710488e+00
9.101204324947198643e+01
1.006902361674915198e+02
1.397183947517257252e+02
8.972123979054246945e+01
1.558956482773617154e+02
8.230193211766264483e+01
1.716873326504422153e+02
7.899358685701642457e+01
1.865976833890217392e+02
8.001189459727295628e+01
2.002538082566103697e+02
8.445181652603415046e+01
1.324914663793759360e+02
1.175851884841736990e+02
1.451962888772925453e+02
2.123579534110789950e+02
1.946916155068985432e+01
2.371393556021598101e+02
4.561480616820288247e+01
3.258870764223097183e+01
1.396092127167062529e+02
1.631531071294868127e+02
1.868452391321336563e+02
1.350712919273515240e+02
1.313593362289713582e+02
2.398049728943191781e+02
1.415423308918536804e+02
1.481297161875822042e+02
2.298420807432710831e+02
1.550735882189255506e+02
2.227657816222695999e+02
2.147164365375159889e+02
1.625163631328704525e+02
1.704200510487926294e+02
2.057951448996909676e+02
1.789063919145440309e+02
1.966299979999604943e+02
6.777409561947486338e+01
2.421800340223606725e+02
1.487420483449165545e+02
2.356708308356543000e+02
1.134980982593171319e+02
1.271139134681375964e+02
1.187235965180368140e+02
2.409055938993512314e+02
6.360182510404658984e+01
8.098908046771452973e+01
1.654933665838244110e+02
1.213852117763350691e+02
1.722059968814454294e+02
1.141928908840304331e+02
8.228333120637549314e+01
9.640059748965049380e+01
1.225086455325186563e+02
1.794393622438404350e+02
1.312046935037225524e+02
1.283748322097397363e+02
1.012661217126045585e+02
2.424957977398351545e+02
9.535604310455637744e+01
1.494491184932232670e+02
1.178992820112359539e+02
1.433839931059843309e+02
1.930229388786060554e+02
3.211099988243769303e+02
3.296043175567345429e+02
1.969230501137352292e+02
2.141109410071624808e+01
8.592363936183599549e+01
2.243100866147941872e+02
1.053994981263579547e+02
2.205535983662783295e+01
1.624390366831638346e+02
2.225026377204601999e+02
1.387568036114124652e+02
2.435138022225854968e+02
1.149204058874178429e+02
2.630285801679978022e+02
9.116170596151675909e+01
2.807480934524162990e+02
6.768827628067064950e+01
2.964535026351246074e+02
4.462696175812242672e+01
2.301914933929579092e+02
2.154659682992592025e+02
2.432790698344165321e+02
3.099341546665172018e+02
1.157995926752458615e+02
3.353629813727116016e+02
8.504509552338821265e+01
1.307104364361184139e+02
2.355905081791740372e+02
2.472216891633408409e+02
2.748432555759398497e+02
1.036340980040608599e+02
1.997732916577450908e+02
3.312025006751454157e+02
1.235487063279636715e+02
1.433795361953995666e+02
3.141180988870387409e+02
1.631491421581361863e+02
3.023128527855407128e+02
2.887080355233689488e+02
1.827800837913133023e+02
2.020986329329182070e+02
2.733340152322662107e+02
2.210599434800774929e+02
2.567303693131963200e+02
1.592712700874170366e+02
3.361505912375838534e+02
2.321223074897260972e+02
3.238704670561921830e+02
1.878407730313688830e+02
2.219216872788522323e+02
2.116511886423608644e+02
3.382631332827353390e+02
8.950313867198005369e+01
1.673354394141929902e+02
2.599787600681905246e+02
6.321590086063977054e+01
2.647557633146593048e+02
4.244373275572787207e+01
9.992916900284112103e+01
1.767726255045159576e+02
2.089564617432958187e+02
2.697941602240226757e+02
2.157816333752128344e+02
8.352077683526692908e+01
1.144370872638616703e+02
3.384414298239191226e+02
1.939323681026742179e+02
2.465924866981790160e+02
2.069115128968324768e+02
4.968636087485857900e+01
1.793354901945309621e+02
1.865417694534145880e+02
5.376623278442514220e+01
1.497007418569567676e+02
6.299974412603243934e+01
8.253403734755821120e+01
4.056207137999101775e+01
1.363111521478000725e+02
1.036964828810432380e+02
1.179847309909992816e+02
1.041991941623337823e+02
1.278513728687268838e+02
1.077223823718516513e+02
1.387245072850434440e+02
1.134150594111144130e+02
1.498437456799171628e+02
1.206767359387273046e+02
1.605918958850987224e+02
1.285694969108831174e+02
9.147973845768026990e+01
7.649395658750049165e+01
1.030325894591314011e+02
1.705104210646862271e+02
3.323963282116005757e+01
1.920062724969904195e+02
7.430971101554193581e+01
1.930156340661973502e+01
9.474976371590928181e+01
1.255216429970677439e+02
1.460104559715117603e+02
1.623660798476595346e+02
1.075499824755997480e+02
1.965383235653911811e+02
1.631586523939992333e+02
1.635087138381626914e+02
1.904436622960337786e+02
1.637931070885877034e+02
1.862376208399209645e+02
1.817339198672572422e+02
1.643492899453414111e+02
1.653453002584994351e+02
1.770816606540317935e+02
1.671461349584691902e+02
1.729228058678201307e+02
3.198985637766708123e+01
1.977688492000570477e+02
1.122350000379064170e+02
1.940489537224927403e+02
8.744430068259583777e+01
8.300893704181544308e+01
7.614262930398399476e+01
1.955812696480173543e+02
8.776929053321217111e+01
4.904775902304252355e+01
1.212024110511688377e+02
1.580506638661052818e+02
1.288963800895178053e+02
1.544897977045432924e+02
1.021813353353335145e+02
6.775750979837202692e+01
8.513618525189164643e+01
1.373116912704500692e+02
9.479206946505657072e+01
1.607059257111055501e+02
1.173575531143888782e+02
1.974082875761255309e+02
5.145455797990450719e+01
1.041700279575159129e+02
7.862580913812136885e+01
1.304213258708673493e+02
1.369076184932532385e+02
9.095637422913908310e+00
1.992371538628400174e+02
1.116712847459925371e+02
3.796508014780296492e+01
8.885850218037856507e+01
1.852707330489762967e+02
1.200461716394119804e+02
1.032109909723154431e+02
1.306035885102788541e+02
1.027201586425095172e+02
1.421507279264737065e+02
1.052203852174949077e+02
1.538240630147342927e+02
1.100460904080415503e+02
1.652799149516707473e+02
1.163303886855359508e+02
1.759227091163136834e+02
4.825097372108608340e+01
3.516412020392175464e+01
5.680432139796926094e+01
1.233078592277831547e+02
7.969873738635207872e+01
1.425013883457848465e+02
1.211851135460428424e+02
6.406771838932496621e+01
5.098932696824958555e+01
1.004953737221563586e+02
1.121523512208207620e+02
2.046065639273223837e+02
1.089096541175530319e+02
1.550956066374637317e+02
2.018192175322507751e+02
1.978083785308983238e+02
1.577081145328501748e+02
1.929232486178297563e+02
1.591580578381814632e+02
1.610698558113780052e+02
1.875219685910451233e+02
1.818442285599884940e+02
1.634986709007660295e+02
1.763952776243094718e+02
1.668780577701537027e+02
4.824493835990154622e+01
1.531828989024146210e+02
9.124275643890852905e+01
1.565264793189884927e+02
8.990150311927683902e+01
4.452387657639416574e+01
4.571589486053802887e+01
1.469768471349026129e+02
1.320498772814927406e+02
5.794530974342505658e+01
7.868137516208319937e+01
2.052842840514152272e+02
8.936619166026623873e+01
2.032187513181625036e+02
1.432977396480907260e+02
7.257732812226562658e+01
6.749344816201376318e+01
1.007094503795646290e+02
7.704844670363652881e+01
2.057917490733170212e+02
1.550616876815839191e+02
1.504451050217924717e+02
8.706043446732490310e+00
5.691010340846916904e+01
5.801496072636474821e+01
2.181537722920804256e+01
1.291130144128115660e+02
3.288747834835473327e+02
2.419894631041564139e+02
1.108624931706910530e+02
2.157737120025071818e+02
3.109070980459706561e+02
2.040625470913641379e+02
1.417879278015638249e+02
2.261071532112335660e+02
1.175623729744522308e+02
2.468224515301877489e+02
9.331189851991162243e+01
2.658047636391727906e+02
6.930470737059302166e+01
2.830189027702115254e+02
4.563077239938011331e+01
2.981492219337787333e+02
9.196358724168227639e+01
1.061255660557546037e+02
7.823224288201006971e+01
2.248754668625329600e+01
2.054966224216010175e+02
4.305778422279981044e+01
2.514983724144622954e+02
1.904557343254845421e+02
1.062879115568479449e+02
1.549897063359858862e+02
1.357907877232379121e+02
3.319037326736517457e+02
2.040136546524093717e+02
1.228948706467694763e+02
3.262069840257396436e+02
3.181976120862073003e+02
1.608749782054608772e+02
3.081048637897065419e+02
1.797894241455289261e+02
1.983785162830669719e+02
2.961675286692690747e+02
2.825160125835483313e+02
2.165097609369051384e+02
2.675338784974009059e+02
2.342165296054323846e+02
1.749831766709566523e+02
1.035127245458237155e+02
1.596695499789449002e+02
1.419273598286457343e+02
1.926571217913439682e+02
1.212725603988759531e+02
1.351532337854325476e+02
6.365365661627811278e+01
2.615180845256084012e+02
1.779084708481251766e+02
1.018720670186059749e+02
3.355062118791182684e+02
1.122915359781315630e+02
3.335757228889148678e+02
2.709853119566816417e+02
1.840130492304925269e+02
1.568416774321075877e+02
1.237821820140321734e+02
1.599055684182473556e+02
3.350102497420789405e+02
2.801134468337950238e+02
8.376995051699013572e+01
1.279057160004089155e+02
9.107005914518860834e+01
1.502700790326118181e+02
1.341934241089874149e+02
3.361206546698649618e+02
2.482587255420822601e+02
1.119465437120360605e+02
2.245910094656940714e+02
3.206293151358046885e+02
2.204115662337676440e+02
1.605403579375931713e+02
2.414517271387260848e+02
1.371096254312759015e+02
2.611166325087568794e+02
1.135599895844506193e+02
2.790039867947679113e+02
9.014450468834104413e+01
2.950923750831498182e+02
6.693649117335664300e+01
3.090644652892742670e+02
1.040133178823125064e+02
1.170775769647280242e+02
8.980301455518433329e+01
4.411947834457371442e+01
2.146712830552526725e+02
2.143756000495465486e+01
2.566562897793641014e+02
1.992854830254624972e+02
1.050257854342128923e+02
1.462746737938342392e+02
1.238974624132299311e+02
3.337457507893535080e+02
1.992155767361008998e+02
1.039988229630455407e+02
3.266114602515650631e+02
3.171257764664471779e+02
1.443637457765386785e+02
3.055178501733690837e+02
1.646681479644088029e+02
1.847336127691273191e+02
2.920313254700627681e+02
2.768061623105710964e+02
2.044218915661499807e+02
2.602269476567661286e+02
2.237194574509269387e+02
1.785024816038454389e+02
8.365984336789065878e+01
1.528153949780475500e+02
1.241441919714726225e+02
1.897684350794882846e+02
1.205080757521219255e+02
1.342734922848383974e+02
4.243465149696355354e+01
2.654023539043699884e+02
1.793426097713321496e+02
9.499451984488624134e+01
3.401122599283929731e+02
1.032689009677007590e+02
3.395239280192248543e+02
2.734914681008916659e+02
1.832522045277468408e+02
1.536777622274617841e+02
1.131087113530097241e+02
1.554051052712791261e+02
3.382539181795098102e+02
2.812074221161862511e+02
6.314836381513200791e+01
1.357114218055265269e+02
9.027768603426561356e+01
1.481709107476183078e+02
2.022617659149934184e+02
1.141198941091199401e+02
3.025920515208056827e+01
9.388538147803156164e+01
1.900391833530052850e+02
1.290352829443625637e+02
1.114201072739705012e+02
1.391867848398003957e+02
1.097367635444988565e+02
1.501240418640513781e+02
1.106693812802300698e+02
1.610674109930932332e+02
1.137443284274025217e+02
1.717291141799653929e+02
1.182554391603196109e+02
1.815425145917658654e+02
5.204070348123657652e+01
4.049175884320244734e+01
5.865956301180053600e+01
1.235468651725452958e+02
8.525281994191283275e+01
1.385105302532138580e+02
1.226357890913696167e+02
6.969948128724294634e+01
4.320730981950150351e+01
9.142297056274696843e+01
1.032814309822032044e+02
2.038830700963431752e+02
1.017848284516072681e+02
1.472650707691439607e+02
2.000983731441287432e+02
1.950656508922610044e+02
1.488506359732295152e+02
1.891424975727773301e+02
1.500871023430224795e+02
1.520201427529375451e+02
1.827050372503852884e+02
1.760189472222930647e+02
1.547115363031659001e+02
1.696239714218419010e+02
1.585828287060964499e+02
4.655460938435557239e+01
1.461148863589707503e+02
8.232562616109404985e+01
1.480935384519260651e+02
8.326109931324883462e+01
3.565509044838263719e+01
3.669326861296276832e+01
1.418366435866873303e+02
1.324404521795885046e+02
5.375424147254644680e+01
7.081301944753970190e+01
2.064755240570010244e+02
8.099442597424251744e+01
2.053406268465944322e+02
1.426320908915342613e+02
6.682697469779489552e+01
5.904589226607697583e+01
9.202717484157099648e+01
6.844804006072794778e+01
2.060395171152290459e+02
1.534062990863146183e+02
1.442767102926721918e+02
1.722600840181990023e+01
5.068867641229198995e+01
4.948752899032082553e+01
8.845839369065859614e+01
2.282541891277268462e+02
1.144255545914508758e+02
4.330572765244423294e+01
1.798199393319497403e+02
2.372232729690432222e+02
1.570403689306115211e+02
2.571555705805558318e+02
1.340255736549277401e+02
2.755525714129880726e+02
1.109813352699405158e+02
2.921233664096115490e+02
8.812057134897581534e+01
3.066475907822073168e+02
6.554535342509679197e+01
2.391105993485593046e+02
2.241861860918150740e+02
2.516976453193239536e+02
3.189222135977511812e+02
1.251857231233275769e+02
3.406016451565207035e+02
8.366552106924589793e+01
1.392315920478420992e+02
2.388964287571804164e+02
2.449840968974099269e+02
2.736960464869796965e+02
8.428631653559332904e+01
1.941280612461407031e+02
3.310906311523945078e+02
1.051630954374720659e+02
1.261030421948635194e+02
3.111830842803498172e+02
1.471022760302805921e+02
2.979124063607974904e+02
2.828265344660592291e+02
1.680573518473785555e+02
1.887798655528140728e+02
2.659621462535740761e+02
2.091916568850846545e+02
2.478560496503988304e+02
1.616546654985482405e+02
3.374135638595988098e+02
2.298990599985816630e+02
3.223650331360898917e+02
1.840598861785883855e+02
2.246092239687621657e+02
2.134751620472088689e+02
3.422016813285833337e+02
8.368090759865869188e+01
1.676741731022713395e+02
2.620778509734291788e+02
4.248566402773890616e+01
2.657422795722877140e+02
2.127769766298582255e+01
9.030971075414285565e+01
1.749993149935261840e+02
2.082103424664094860e+02
2.696901374059210639e+02
2.142594520879539175e+02
6.338871711969147782e+01
1.021453370066490152e+02
3.410541655801151819e+02
2.010340062256485965e+02
2.507693141060186122e+02
2.071433244111147474e+02
1.398011972424886551e+02
3.840357791948234478e+01
8.508886301623066117e+01
1.293656253091461679e+02
1.683919071970011316e+02
1.163673658648316831e+02
1.835028930846645494e+02
1.051371982785571646e+02
1.979338484720400402e+02
9.607789049582368079e+01
2.112832973147832831e+02
8.976135397729612464e+01
2.232256787409573917e+02
8.620602623414757204e+01
1.543244680475001473e+02
1.393100865654942311e+02
1.660275045540432473e+02
2.335007440120680258e+02
4.782100755699140393e+01
2.522288231252503863e+02
1.611737856886697529e+01
5.735589640553202884e+01
1.505539168286671554e+02
1.626602260117517176e+02
1.894127823086547266e+02
1.057843069573061996e+02
1.210761556180253393e+02
2.453446168517370154e+02
1.120203201815299110e+02
1.192766687030359378e+02
2.298373979704620069e+02
1.277047142944758917e+02
2.197360707167793521e+02
2.085320021270882478e+02
1.373144211736305635e+02
1.479152754263077441e+02
1.963414054197033636e+02
1.594625640529804116e+02
1.838228891630964768e+02
7.357605906372687343e+01
2.502863164228698736e+02
1.476521906408743803e+02
2.385214840096479350e+02
1.060360001949767366e+02
1.364757147150802155e+02
1.258417328543890079e+02
2.537784977176962400e+02
3.434826156748314929e+01
8.159127726801511926e+01
1.743004873362976923e+02
9.548835217976669298e+01
1.788413818204736572e+02
9.159763134042388799e+01
5.338417942225851220e+01
9.247961416230012333e+01
1.235299068504960758e+02
1.839775215766923679e+02
1.308341684344014197e+02
1.002828776647897371e+02
7.280008708566836617e+01
2.530421639586808453e+02
1.143039179655226860e+02
1.623113898882088790e+02
1.210921656150667616e+02
1.230538263752761452e+02
2.185936923530727540e+02
1.563509527989965022e+02
1.288932040237572210e+02
1.682374795656912738e+02
1.214367481633933039e+02
1.800923733541825982e+02
1.159094099549234613e+02
1.913183743605237055e+02
1.123584387544738519e+02
2.017731637105674736e+02
1.105386653713905645e+02
2.109973165101222037e+02
5.686811961363294188e+01
5.258528967870650206e+01
5.592839506524767046e+01
1.101483826797913537e+02
1.148892892073210135e+02
1.130836946791263529e+02
1.464475188450617793e+02
9.946707801374490998e+01
1.302703937008282153e+01
7.107319229815986716e+01
7.640573882841238174e+01
2.218765742045743536e+02
9.913240908464447898e+01
1.171525261760730245e+02
2.154394697198724202e+02
2.074394395218697866e+02
1.215735117611422567e+02
1.982059049063094278e+02
1.256121664380038965e+02
1.311288730795178594e+02
1.881028127156331209e+02
1.774041963621323248e+02
1.380182936495370427e+02
1.666774969687062082e+02
1.464461344930526252e+02
6.740053268511398699e+01
1.159380862680020101e+02
6.613575750675605036e+01
1.189320123519296430e+02
8.434290915530129951e+01
1.371129951019930182e+01
2.588338588522411143e+01
1.140327541656813963e+02
1.539594851538601290e+02
6.746112508666942631e+01
4.071834291222557312e+01
2.289454085343803058e+02
5.181480815570455434e+01
2.296953121306616197e+02
1.615503514819872350e+02
7.344544060332106028e+01
5.095222960844913729e+01
6.400953573278967212e+01
5.756832686041191494e+01
2.264030627195529632e+02
1.695787583254511048e+02
1.148816967841483176e+02
4.330748944086976593e+01
2.257498701174851163e+01
4.237630011984776957e+01
9.644051767847153656e+01
9.286956270979214878e+01
1.307483729223733064e+02
8.331216726774879078e+01
1.470164383420035961e+02
7.803264357852522437e+01
1.630382189721245538e+02
7.739968868605778596e+01
1.782728336950778214e+02
8.117645655032114860e+01
1.923229302451275657e+02
8.801242393105869155e+01
1.249977966175467827e+02
1.101808968918609537e+02
1.379394979075018739e+02
2.048745958289392490e+02
1.083727565875010690e+01
2.312573131033089453e+02
5.424875081921567244e+01
2.534386564941393516e+01
1.353100491981233517e+02
1.621767267920636186e+02
1.848083286257420923e+02
1.439988533893804288e+02
1.335999056088544990e+02
2.366847213006111872e+02
1.501995840470410144e+02
1.563185144001235471e+02
2.284133781343727492e+02
1.626118746633042633e+02
2.222789520207136889e+02
2.152230875590428809e+02
1.692477380851206874e+02
1.762185363580685475e+02
2.073419908605838771e+02
1.836851634889163449e+02
1.992521785881861831e+02
6.629968042913387194e+01
2.382960066600472544e+02
1.480499136825063431e+02
2.333644302495348768e+02
1.150924483464949191e+02
1.234021673871444165e+02
1.157935319196958801e+02
2.356434793473956120e+02
7.205962903572275025e+01
8.076002327944641479e+01
1.616828867015005926e+02
1.302203127820907582e+02
1.690148423828902082e+02
1.226310541559310678e+02
9.053521813127551354e+01
9.720371488706612695e+01
1.214209018905317379e+02
1.768438521696917860e+02
1.304492136337219677e+02
1.373648129495781518e+02
1.092999256619998505e+02
2.378994053630544272e+02
8.894486885040528534e+01
1.445059512882409649e+02
1.161973337247659401e+02
1.433534365947272704e+02
2.057575081496725886e+02
1.189063449749638437e+02
2.277462174620188762e+02
9.439337159419899592e+01
2.482897098671300284e+02
7.007021546369826126e+01
2.670819117233763791e+02
4.613979911901051167e+01
2.839057331833679427e+02
2.274887482800367877e+01
2.192908717922913695e+02
2.048841386990719968e+02
2.328023617633170090e+02
2.985433640897855412e+02
1.060818115462752758e+02
3.276602030748992433e+02
8.827308250712476934e+01
1.215460572554294174e+02
2.304350960438692368e+02
2.476850865854244148e+02
2.739887304625851243e+02
1.228037490218863752e+02
2.041814373668836140e+02
3.289850931219090171e+02
1.415783167245312768e+02
1.601163011073347207e+02
3.148889588276914537e+02
1.784680508393245759e+02
3.046576784298159737e+02
2.926585361311482529e+02
1.965847758860249996e+02
2.143106155553160193e+02
2.789160323817011999e+02
2.316367930129714239e+02
2.639700812591752310e+02
1.560295765940931574e+02
3.325007179632497127e+02
2.326966054659711460e+02
3.231203098412217969e+02
1.904929957082942735e+02
2.175268375768642386e+02
2.082523605835900185e+02
3.318707466876034005e+02
9.676124406913092457e+01
1.660714351989190050e+02
2.558811445820053336e+02
8.410992276299717219e+01
2.617705029978677658e+02
6.393999485504948410e+01
1.102605364540704187e+02
1.775288955140447058e+02
2.082393316443724984e+02
2.678979793548259067e+02
2.157907408165095546e+02
1.036477116816501791e+02
1.268226246234029588e+02
3.334007688750550642e+02
1.852424766747680565e+02
2.404523834207324740e+02
2.052090326247925987e+02
6.967390087603914139e+01
2.621792752167999652e+01
9.528243026258390103e+01
5.186962971733606764e+01
1.199601572221476147e+02
7.659705629084623979e+01
1.433783852017199081e+02
1.002520625539809487e+02
1.653441437738834736e+02
1.225774369542762514e+02
1.206514403649253353e+02
1.122687997700955549e+02
1.342643169788480861e+02
1.856141124168558179e+02
8.661162055073235422e+01
2.346521018381503723e+02
1.452687261640833185e+02
8.856934698547662776e+01
1.689254886412698511e+02
2.192721329166765827e+02
2.320809371708839990e+02
2.316885091573068109e+02
2.110126557483454235e+02
2.706603996719762790e+02
2.407244031747972315e+02
2.485020593965039950e+02
2.775942077854161880e+02
2.552159300099418431e+02
2.789262240897209040e+02
2.790161411374385239e+02
2.610030549612097275e+02
2.658616251589913873e+02
2.778483505464865857e+02
2.700268179362001320e+02
2.758756371262972493e+02
1.348434300128493817e+02
2.645977741128448315e+02
2.083034285710418771e+02
2.749501627904140832e+02
1.907693783758763004e+02
1.645159271797958240e+02
1.646060771637309870e+02
2.466430524229694186e+02
1.633249588863748727e+02
1.520393448144803301e+02
1.959315320241331904e+02
2.089977562515268801e+02
2.080620264556405346e+02
1.952598487718110221e+02
1.822543404426332074e+02
1.709382429181378029e+02
1.820367152061870115e+02
2.202355411615265837e+02
1.920695102094421429e+02
2.211207126146120459e+02
2.014319766022252622e+02
2.565484365000150433e+02
1.133050102634729654e+02
1.699875392284978943e+02
1.735940717772890594e+02
9.541225629289233723e+01
2.607835941889532450e+01
1.203047633571663937e+02
5.151599595496274020e+01
1.439659204443448175e+02
7.599343895738282129e+01
1.662805037248120641e+02
9.934083046453027066e+01
1.869619578819703349e+02
7.611358883118445817e+01
7.639275132583516381e+01
8.588813884156665779e+01
1.213172035853493043e+02
1.207272717546886298e+02
1.775947128622565856e+02
1.834444652209500930e+02
1.131046612157681892e+02
1.388853834975079735e+02
1.995835717034005654e+02
2.031969660165282505e+02
2.740516018696453102e+02
2.112527962547492280e+02
2.291402149779235629e+02
2.782437257356260147e+02
2.807379978133454301e+02
2.464836170838458145e+02
2.817553076070037719e+02
2.536911322174954933e+02
2.599813842295600921e+02
2.814849365373059982e+02
2.799832449251866819e+02
2.653029069252519321e+02
2.775683841538688625e+02
2.699996934002804778e+02
1.403915650993985480e+02
2.185329454720901481e+02
1.925809680834486244e+02
2.383934678037205117e+02
1.915632042650345284e+02
1.409910866871383064e+02
1.469365508673802196e+02
1.928217008901717691e+02
2.000535655594979687e+02
1.553970902564734047e+02
1.617484727869436369e+02
2.596917570016454420e+02
1.757259635967772340e+02
2.495334655177461229e+02
2.169447416556374151e+02
1.728117699073646065e+02
1.704458905353107241e+02
1.896662113676540002e+02
1.797343192873840394e+02
2.678739556926140040e+02
2.338170555081528050e+02
2.063975642806278188e+02
9.452664703324512629e+01
1.338644766289696690e+02
1.608668826843565967e+02
1.206684488690578689e+02
2.576225173648870026e+01
1.448904207819878138e+02
5.072464781377081522e+01
1.677495853777301704e+02
7.472351234749238813e+01
1.890466238356766269e+02
9.751877595498083906e+01
1.393276342432677097e+02
1.291357934897950770e+02
1.533785357214685519e+02
2.085395039580105845e+02
7.986966146969496094e+01
2.545549620604319330e+02
1.319081458264548701e+02
8.638150132938127967e+01
1.811571182595808409e+02
2.264132313217506294e+02
2.422015739386113751e+02
2.144017834567031002e+02
2.110168673321979327e+02
2.846388291372278445e+02
2.252673983989722615e+02
2.350521182637775439e+02
2.877437490884649378e+02
2.439333727249101571e+02
2.869272326765645289e+02
2.847497369086471508e+02
2.520213332462414542e+02
2.592876038283185380e+02
2.812053058777890442e+02
2.659278934559642380e+02
2.767759143460239102e+02
1.361695823336054332e+02
2.802710742510656701e+02
2.143067577583883576e+02
2.870960589119579254e+02
1.911989433474992950e+02
1.747477286098504123e+02
1.728270887933377367e+02
2.652739853826854528e+02
1.499321693192772216e+02
1.531679224217803608e+02
2.087085387434079564e+02
1.886191961165828559e+02
2.199106323635892295e+02
1.735848408799334948e+02
1.691661614475640079e+02
1.717228623402079961e+02
1.873947478165740961e+02
2.311962389957878656e+02
1.973438037037532524e+02
2.021934698727439468e+02
1.888237868161296831e+02
2.737679483318534039e+02
1.250504401317030698e+02
1.841605497596397640e+02
1.796897240207348148e+02
1.451105462071012084e+02
2.555390864711089804e+01
1.682162710909360044e+02
5.026719616858015627e+01
1.898810814830258664e+02
7.398115587403795246e+01
2.098118389937621089e+02
6.503000628962593055e+01
7.037798729938471354e+01
7.123183930323855861e+01
9.645829728231922218e+01
1.364868372732157127e+02
1.551329239036198260e+02
1.978447662966612484e+02
1.266131610705207606e+02
1.296634184097173659e+02
1.923580515097469856e+02
1.921138954951189248e+02
2.882624681187774627e+02
2.114874232292781073e+02
2.123676118579382148e+02
2.906764184260209163e+02
2.912466244404887448e+02
2.336367780549874738e+02
2.901982428657464084e+02
2.430622769324294552e+02
2.516856603412604159e+02
2.877335660198895653e+02
2.839256570234969104e+02
2.594391406229577228e+02
2.791139798220693820e+02
2.666163933658361884e+02
1.455877230533481566e+02
2.000623822032871999e+02
1.871667835970623344e+02
2.234887226094072048e+02
1.926190515795715896e+02
1.345348372279427451e+02
1.426422633113572829e+02
1.715097673659663542e+02
2.135584349267072923e+02
1.589354669018630375e+02
1.496539456245379256e+02
2.770214780674618282e+02
1.639590481867460312e+02
2.682366711072924659e+02
2.293856022142647362e+02
1.749853894747083132e+02
1.675018784454797185e+02
1.782362624098762467e+02
1.761229223819217964e+02
2.837165477679117203e+02
2.451259283894836756e+02
1.864196049043737844e+02
9.423886535698461842e+01
1.221180382464040122e+02
1.578931478778239068e+02
1.687834532839449366e+02
2.508962348810351273e+01
1.909971333672908713e+02
4.932597052665117587e+01
2.115471336119574914e+02
7.248958548535806301e+01
1.577059376857262691e+02
1.461619826108538689e+02
1.719361062071719743e+02
2.301941082956132902e+02
7.803760725839329382e+01
2.730502042119004500e+02
1.197158999453639154e+02
8.858758695847907916e+01
1.931115824939712127e+02
2.329539327523814904e+02
2.514217084765142260e+02
1.966448348646607087e+02
2.108466146127194349e+02
2.972342451775706422e+02
2.092966852226790309e+02
2.210455692130029206e+02
2.966161517752595955e+02
2.320481408842163660e+02
2.937238035378414907e+02
2.893604665549258925e+02
2.423845679898332151e+02
2.519986042898339349e+02
2.835279793090308544e+02
2.610441878150974162e+02
2.767307581559048231e+02
1.390170552607257264e+02
2.945314615355829346e+02
2.199120624191017725e+02
2.979041749084142339e+02
1.917746863788378562e+02
1.849649948319594728e+02
1.812134724140833555e+02
2.824802119952065595e+02
1.372180979437148380e+02
1.552883979006778077e+02
2.207992366300023264e+02
1.678734750104143245e+02
2.310023411109713720e+02
1.516041112489101010e+02
1.563808115380857942e+02
1.730411201617209827e+02
1.928052665960777006e+02
2.413271720514509013e+02
2.025039848037632169e+02
1.828443443625036480e+02
1.762202970312897037e+02
2.895612351497258601e+02
1.378086415281368318e+02
1.978551570723112434e+02
1.859445510310741554e+02
1.912418007049387825e+02
2.483531613433790852e+01
2.121738617400803832e+02
4.880465752952540726e+01
2.312798416502133421e+02
5.996902954672646047e+01
7.024197422978900818e+01
6.092581456039350485e+01
7.167586419365298411e+01
1.522664923413928761e+02
1.324660893581512084e+02
2.114447433681928601e+02
1.406962150028419103e+02
1.219399047948411408e+02
1.851624010280629022e+02
1.809705749087698337e+02
3.009417073072219750e+02
2.114240733401413195e+02
1.951205270064598665e+02
3.016201031688709691e+02
3.003248529837772480e+02
2.202004505022213721e+02
2.972835904980484543e+02
2.317800859363065626e+02
2.426658927176593465e+02
2.927089330893176680e+02
2.866881491203041037e+02
2.527736790763059673e+02
2.795770011936300534e+02
2.623443102206043704e+02
1.516641299234007363e+02
1.811763361115141890e+02
1.818957284659666698e+02
2.080525430480851412e+02
1.936631844515516150e+02
1.295388875517801068e+02
1.395839838168703295e+02
1.499158520478084711e+02
2.261490673233917619e+02
1.630865353101101505e+02
1.382590195790684788e+02
2.927862218921874273e+02
1.525932321506335825e+02
2.853816249502941673e+02
2.408133949092685668e+02
1.774560371037684945e+02
1.651178494130295462e+02
1.669561493634466558e+02
1.728804174146503669e+02
2.980024035809484531e+02
2.553306008197798178e+02
1.660903545228674716e+02
9.749600566244978950e+01
1.119449114505405731e+02
1.557182315757032143e+02
2.127200635498554107e+02
2.435609110388404019e+01
2.324425289691713772e+02
4.776715854664146121e+01
1.751522090713213515e+02
1.625780365220886381e+02
1.893809025086966074e+02
2.501739034049426778e+02
8.086465447801873552e+01
2.897379399690478863e+02
1.089523230361285187e+02
9.427260948223008086e+01
2.042440206809396273e+02
2.384924279334371420e+02
2.593392405263026603e+02
1.784907629250799914e+02
2.101904729390524267e+02
3.080680860041557025e+02
1.928455640520772363e+02
2.064727986484855649e+02
3.038548182822620447e+02
2.195056551755581609e+02
2.989753480936019514e+02
2.925279849285909108e+02
2.319923192399103868e+02
2.438485292250441603e+02
2.845210534594480123e+02
2.551864338954916605e+02
2.754752026292536584e+02
1.428138949690861921e+02
3.069928335313916250e+02
2.247090805447693640e+02
3.070055163842534967e+02
1.921456964838545218e+02
1.946025259517599011e+02
1.892082746441495260e+02
2.978652219037120403e+02
1.253220516067695343e+02
1.579249632026034647e+02
2.317352878919222405e+02
1.469044842424444255e+02
2.408923753502571685e+02
1.294931699181143472e+02
1.439543006333801145e+02
1.744900626843773637e+02
1.978037100581383925e+02
2.502058873302676716e+02
2.071134129493781870e+02
1.631832485650784861e+02
1.636250623493830005e+02
3.035362839482906452e+02
1.506562323987537297e+02
2.105427266978147998e+02
1.918572946994987660e+02
2.328404910336670071e+02
2.410467284158142576e+01
2.510532692341031691e+02
6.185517663788552767e+01
7.542314694198384473e+01
5.690754770236873128e+01
4.725179582218255803e+01
1.674457101270604653e+02
1.098300963801329146e+02
2.238784841386186031e+02
1.545984067103136681e+02
1.158567904835822020e+02
1.779656627638252360e+02
1.698273684543734419e+02
3.118371403258003056e+02
2.108712980073617587e+02
1.775379450580032028e+02
3.108344215310604568e+02
3.077458642885911786e+02
2.062458794434693061e+02
3.028002580906738217e+02
2.198778351234082891e+02
2.329164481135613585e+02
2.962184985172056599e+02
2.881001609025259995e+02
2.452621162740546481e+02
2.788128006589378174e+02
2.571021575564735144e+02
1.581000061708020894e+02
1.620428314031483410e+02
1.766886307342172415e+02
1.921917462639251823e+02
1.944566024756759361e+02
1.259696199299246473e+02
1.376136376608910723e+02
1.282560743856464001e+02
2.374925250731551500e+02
1.674479987742185187e+02
1.277474716432565174e+02
3.067131009913841808e+02
1.417539974480175715e+02
3.006862175153338512e+02
2.509246146015489956e+02
1.799159569897534539e+02
1.631234692331807707e+02
1.559123185296805900e+02
1.698682924632354343e+02
3.104685611080191165e+02
2.641547049136457872e+02
1.456034252353482827e+02
1.034572078400393593e+02
1.036834265735770657e+02
1.541584324256035075e+02
2.516692494009446364e+02
2.354731657459702276e+01
1.914945677290887147e+02
1.781352434194869829e+02
2.055872330402754926e+02
2.684296205504115846e+02
8.749928080674348507e+01
3.046102469901584300e+02
1.001019962149609626e+02
1.024848655864863929e+02
2.144532732967206243e+02
2.430351812230725841e+02
2.659697512213350024e+02
1.601587112736713721e+02
2.090930788426111633e+02
3.171796078514325927e+02
1.761254082896942634e+02
1.915345919044413279e+02
3.095191024359992298e+02
2.064927888411650088e+02
3.027513637962671851e+02
2.943324788810894006e+02
2.210153061487034734e+02
2.349913544711533291e+02
2.842763285951279499e+02
2.484907776091499727e+02
2.731142421316552600e+02
1.473202533032338692e+02
3.176836804326173365e+02
2.286904438094070429e+02
3.144495174463422131e+02
1.923157491673534025e+02
2.035373506122332117e+02
1.966849472537094528e+02
3.114339871614394042e+02
1.146189971442777278e+02
1.609452382104147148e+02
2.414771672241290617e+02
1.259357388514488747e+02
2.495606456622646760e+02
1.074731662452846166e+02
1.321768670187313148e+02
1.760172306241404101e+02
2.023265280164825413e+02
2.578309095785401723e+02
2.111345938636847563e+02
1.434333881345378927e+02
1.512757561330851388e+02
3.157101528112255551e+02
1.632216662572857899e+02
2.221355807820295354e+02
1.973357219451353899e+02
2.689174866507670458e+02
6.929543922296855385e+01
8.418772746523907813e+01
5.966195452305849756e+01
2.329002448175946682e+01
1.815780453600024771e+02
8.727956843911678675e+01
2.348382761367720377e+02
1.677667391764607032e+02
1.113098916537125689e+02
1.705891315945670499e+02
1.585808058427016363e+02
3.207222022939920976e+02
2.095558472326810318e+02
1.595848973354926841e+02
3.180916475697350734e+02
3.132813088050386909e+02
1.916846772782427593e+02
3.065204708266441003e+02
2.072399930577676059e+02
2.222959587752862660e+02
2.980368859183992072e+02
2.879411156342915206e+02
2.367394909546306394e+02
2.766089134430121703e+02
2.507049576665119730e+02
1.643752171303778482e+02
1.426518001727542924e+02
1.713273516523625517e+02
1.758451115764420933e+02
1.946849914836110713e+02
1.235672969646571744e+02
1.364010874649135872e+02
1.065650203404202330e+02
2.472974398299710685e+02
1.715780625565205355e+02
1.181231101771025607e+02
3.185784905015939330e+02
1.313929256460518786e+02
3.139284156400552206e+02
2.594421080835824114e+02
1.819949813065931892e+02
1.612174631765031165e+02
1.450223791034232477e+02
1.668169084649554748e+02
3.208898827386594235e+02
2.713343732803839998e+02
1.249718199499115201e+02
1.110696324358745670e+02
9.743279359490496461e+01
1.528891693803971634e+02
2.063222673120662876e+02
1.923640898404196946e+02
2.201711224539487262e+02
2.846479337929320650e+02
9.635706176706523252e+01
3.173485375473284194e+02
9.324020351303667553e+01
1.119199818396535449e+02
2.233094212793117492e+02
2.462145093329077952e+02
2.709618070571509065e+02
1.416218777371942963e+02
2.072065467596355006e+02
3.242505124940366841e+02
1.590731485958685312e+02
1.761302646297867227e+02
3.132954832685932161e+02
1.928719481506473130e+02
3.047432268800463930e+02
2.944726768368176408e+02
2.092806201452810342e+02
2.252214504129153170e+02
2.825029342272699751e+02
2.407237991259447369e+02
2.693714069885973572e+02
1.519145386694734441e+02
3.262847720411110686e+02
2.314731422501727991e+02
3.199196537561252853e+02
1.918938623586186054e+02
2.113125844144623500e+02
2.031724465918544809e+02
3.228671101575225748e+02
1.051212544092292518e+02
1.638255519772175717e+02
2.496410120082374249e+02
1.050079658889976173e+02
2.566334852143560283e+02
8.561526283249627056e+01
1.209858539687956238e+02
1.771749956979276135e+02
2.059393466458816988e+02
2.638395712499890351e+02
2.141556100618241203e+02
1.236025788648727541e+02
1.390622981514001708e+02
3.257632431337923435e+02
1.749083573774492208e+02
2.322249623780579952e+02
2.019247973291088272e+02
1.502181468061050040e+01
1.425603806860786804e+01
7.993475612007668474e+01
1.144586670177569232e+02
1.155810474744160246e+02
1.656666592452715463e+02
9.991178891750907098e+01
6.475676333553865049e+01
1.275580797423758241e+02
1.279256651694692692e+02
2.516990331473217850e+02
1.515734886281112210e+02
1.543691882763003207e+02
2.497244904602995064e+02
2.460523332607720590e+02
1.706016414511517496e+02
2.409615487949537851e+02
1.786659444321185219e+02
1.867545506247872140e+02
2.347293782217746525e+02
2.275123601619531257e+02
1.947927519022803153e+02
2.197369137787697468e+02
2.030426238993413506e+02
9.643878390473052775e+01
1.456604313016077299e+02
1.229616675369570231e+02
1.626094660332674664e+02
1.341244522461285555e+02
7.028470830566388372e+01
7.972570760257345057e+01
1.263107359996013628e+02
1.780905289954300770e+02
1.056451963446576627e+02
8.599535863355819743e+01
2.495265659829812535e+02
1.001261033965923559e+02
2.454527183033298456e+02
1.905024713298742540e+02
1.186485388657011271e+02
1.052146988019507745e+02
1.142263269818356548e+02
1.131340597520165403e+02
2.516500046523559888e+02
2.029818596861474020e+02
1.362700000956139661e+02
4.211271611391779146e+01
5.809092351888703121e+01
9.578667492899823799e+01
2.792378547378888243e+01
9.481607144911276919e+01
9.970390271010430183e+01
1.273084811013845865e+02
1.507208428572263870e+02
8.502351627325830918e+01
6.278789927397023973e+01
1.234823261931273919e+02
1.274836536823801652e+02
2.371109347239653857e+02
1.419377140705967975e+02
1.592938365749051570e+02
2.355302005148180911e+02
2.323967033884425177e+02
1.715652447078934983e+02
2.280036870990316800e+02
1.775947646670239521e+02
1.836946594861378799e+02
2.226412426098992512e+02
2.164765999054179701e+02
1.898215608194438175e+02
2.099445123853834900e+02
1.962899781052869059e+02
8.279573123776251009e+01
1.524595742330559176e+02
1.172590382479072133e+02
1.655892276962072458e+02
1.236993792820002938e+02
6.498397464708928339e+01
7.232794169780508753e+01
1.365289374798626909e+02
1.633107960660314006e+02
9.309754685640271532e+01
8.715826354665485098e+01
2.345371880888501437e+02
1.006683015650954474e+02
2.304391093505668664e+02
1.759922093121149942e+02
1.072205682893053620e+02
9.717062082611155915e+01
1.142433364786077590e+02
1.057827083356155953e+02
2.368001150639598222e+02
1.888289540996157427e+02
1.448356421248579693e+02
2.807569516947327770e+01
5.964486002085961758e+01
8.756791702098333019e+01
6.753753185257353664e+01
1.275281774102791843e+02
1.014253163012384391e+02
1.767736356411233771e+02
1.127001139836893344e+02
6.116537081690852062e+01
1.244009381677338126e+02
1.214533006860941953e+02
2.613952555363765100e+02
1.539995808962663943e+02
1.434913255230772222e+02
2.584619437177289001e+02
2.537220707022640340e+02
1.626048714135018258e+02
2.474482647672554663e+02
1.723264006363616829e+02
1.821448035045246741e+02
2.399158014068735554e+02
2.312828801482025369e+02
1.919549534236452359e+02
2.219793454558989652e+02
2.019645342888440496e+02
1.047412673877960003e+02
1.336086224558983702e+02
1.214569958479694378e+02
1.530851027923766310e+02
1.376396171692467476e+02
6.962996900612408524e+01
8.083038049457152852e+01
1.125825623391388461e+02
1.884836303657421865e+02
1.122012317983060257e+02
7.882104499057111013e+01
2.608420931399896290e+02
9.319719904610042249e+01
2.574494607621995783e+02
2.000889396306278059e+02
1.235668443059328609e+02
1.064062424733367607e+02
1.075289631011758900e+02
1.134615826726396506e+02
2.622039248329357974e+02
2.117159909709173462e+02
1.232602478548064937e+02
5.214357649907624648e+01
5.159195863667571302e+01
9.734391149168006052e+01
1.943195119124934536e+02
6.498284820000523609e+01
2.440807054703805932e+02
1.797920281353976009e+02
1.081749605626058184e+02
1.629442030198692350e+02
1.472269250092301434e+02
3.274263390570783372e+02
2.072994220529499216e+02
1.413451790690440362e+02
3.232294163981849238e+02
3.167773171966620112e+02
1.765458357870224120e+02
3.082994135761005055e+02
1.938670789886423336e+02
2.107778299281084458e+02
2.980293357090010886e+02
2.860878282033300479e+02
2.271539617997679272e+02
2.728557501973950821e+02
2.430783530556881828e+02
1.700863646061010570e+02
1.231118823800202335e+02
1.656792822997022654e+02
1.590698842330158982e+02
1.941264410985252198e+02
1.220793681207806429e+02
1.356576935320455561e+02
8.499381685767401962e+01
2.553376601195352578e+02
1.751354936271373219e+02
1.094669010909979363e+02
3.281955436388207659e+02
1.215501417506725801e+02
3.249132595148643077e+02
2.661565635030489148e+02
1.834160826035774221e+02
1.591738744859101189e+02
1.342986666477315509e+02
1.635361524483542723e+02
3.290876505457767962e+02
2.766772341910738078e+02
1.043267540550159964e+02
1.194302722807971406e+02
9.324988876730449761e+01
1.516536103243292359e+02
2.217720816491520850e+02
6.322199574842586856e+01
1.566039590162225714e+01
1.273800418109830872e+02
1.576343065064380653e+02
1.790456034889752743e+02
1.535692429559777850e+02
1.329450161269712396e+02
2.297098448051733612e+02
1.589417406156507298e+02
1.640480846241989639e+02
2.232163656764016082e+02
1.691674725215647754e+02
2.181320393427560589e+02
2.122258634143385621e+02
1.745021436423666614e+02
1.800801443568159925e+02
2.055928894336862811e+02
1.861122467689098698e+02
1.988403501645594247e+02
6.204166019990219638e+01
2.305706793014307436e+02
1.438793049219967202e+02
2.272262629706097528e+02
1.137732846712622461e+02
1.161041580473485908e+02
1.093448354446596369e+02
2.266673142125932827e+02
8.054713055536529964e+01
7.766896532333196035e+01
1.541583035083867230e+02
1.408418836748399769e+02
1.620922903157472774e+02
1.334511580247197742e+02
9.852556504257337622e+01
9.510355100268137107e+01
1.169465974622184632e+02
1.705139330222728518e+02
1.262946021715435592e+02
1.475653970483087107e+02
1.168178092796576948e+02
2.295092920666597820e+02
7.923596072250764166e+01
1.359366349380845236e+02
1.110741697761472153e+02
2.594702521983541601e+02
2.061923830203074886e+02
1.041290716177985303e+02
1.366270787941744516e+02
1.114056354595290657e+02
3.328755539819458704e+02
1.927424335597581830e+02
8.450137625071570824e+01
3.243598057381494186e+02
3.134716710841822760e+02
1.268502339494622930e+02
3.004402657881352070e+02
1.483421873479820192e+02
1.696853673428189211e+02
2.855138711247551555e+02
2.688419395864643775e+02
1.907380687360679872e+02
2.508089419546079171e+02
2.114424657848662719e+02
1.804818762730784272e+02
6.340389317238278721e+01
1.449383732872996973e+02
1.055604052830290414e+02
1.852937670768574776e+02
1.195365397576337472e+02
1.327924085264655503e+02
2.120508235500328809e+01
2.669016045241561415e+02
1.792692165063901086e+02
8.879662362090184047e+01
3.419470040153018999e+02
9.442526928077900550e+01
3.426955932655627635e+02
2.735817326449558777e+02
1.809646211721889131e+02
1.494910520798383118e+02
1.021753097696257413e+02
1.498494746069586085e+02
3.387472177571390830e+02
2.798623158889625984e+02
4.232047527904880724e+01
1.425819604760054631e+02
9.056697494317863573e+01
1.451558041254530167e+02
7.142916747777684350e+01
1.564224140980577147e+02
1.623012383772462783e+02
1.903957007544910027e+02
9.064628078859932714e+01
1.159491184925807801e+02
2.474994759078862785e+02
9.614950052415221649e+01
1.034063923030979879e+02
2.291002486576597619e+02
1.124676351548914255e+02
2.174271986764959763e+02
2.045826692824009569e+02
1.232004347094183032e+02
1.352646968857932279e+02
1.906861290344745044e+02
1.484810864395475676e+02
1.764023396208139047e+02
7.911806920447899927e+01
2.537918974502686922e+02
1.471944146509908649e+02
2.392701796432215815e+02
1.029517638720487440e+02
1.417508432858275569e+02
1.301692467568734628e+02
2.598231100044748132e+02
1.828690781910471230e+01
8.403307176035751525e+01
1.787661318772507002e+02
8.413279273387895785e+01
1.821109540375706217e+02
8.324999056982557022e+01
3.745512384930143668e+01
9.191907407529745910e+01
1.246991042008758086e+02
1.860746096204002527e+02
1.310856331491272613e+02
8.665540898535927283e+01
5.705822642095529318e+01
2.578424444562095914e+02
1.246795634422867636e+02
1.690176208019209412e+02
1.234792286415467686e+02
1.120453089676293530e+02
1.448113261694674350e+02
1.650706190631395316e+02
1.618286980425976367e+02
1.247355804068120051e+02
2.148138564889273709e+02
1.652876689484244253e+02
1.683296675993134102e+02
2.096386443885238862e+02
1.712730263099982722e+02
2.055192156412730640e+02
2.007940248465299646e+02
1.743757947170049931e+02
1.777260995813186355e+02
1.955709481852885290e+02
1.816010414181396300e+02
1.904575067269421993e+02
5.057770641291250513e+01
2.152771069579824541e+02
1.314872115303588203e+02
2.128940845966741904e+02
1.049402845595886049e+02
1.011296895742526942e+02
9.500396242460882945e+01
2.110382586587502374e+02
8.745225564698172604e+01
6.724059086701127796e+01
1.389996077495426050e+02
1.523876953704355799e+02
1.472839671142550628e+02
1.463638358711474154e+02
1.041533266196023817e+02
8.556979028674354026e+01
1.043979597350426332e+02
1.561089605443421249e+02
1.140158814480932676e+02
1.575633210852132322e+02
1.212733536798831722e+02
2.139743872437493337e+02
6.371324717858510667e+01
1.203719431690202981e+02
9.791218047903916499e+01
6.327214351357395117e+01
6.481559483935440369e+01
2.291115525304025482e+02
9.915165664138044122e+01
1.041350900534228430e+02
2.215893319338915717e+02
2.123878008822306072e+02
1.095386698083049879e+02
2.018217859556822305e+02
1.148512566413007363e+02
1.220317005968577604e+02
1.902442423663750048e+02
1.779237202327621787e+02
1.308431439075128253e+02
1.654225624337466911e+02
1.412955710830403575e+02
7.736091382288438467e+01
1.032373819872641008e+02
6.085810405441618798e+01
1.061319243766615301e+02
8.647295442296783108e+01
1.552426435722390963e+01
2.926067521483994938e+01
1.034114587596803148e+02
1.629791063283007020e+02
7.514423306967859162e+01
2.769482689429180411e+01
2.380526933634031934e+02
3.916245301110156163e+01
2.396139015811002935e+02
1.694794762534190795e+02
7.828636740830209817e+01
5.105266048925221867e+01
5.191305633086750504e+01
5.566813301788647550e+01
2.346214586472175085e+02
1.763402355150493861e+02
1.029950312937453418e+02
5.616542271039740797e+01
1.522543263596026897e+01
4.400755054757889440e+01
3.116657985863146152e+01
2.129670630411869752e+02
6.078871280304921498e+01
8.977815156868176416e+01
1.998172175001641904e+02
1.848958193542879087e+02
6.724048584185644017e+01
1.684970903382309189e+02
6.077275106025209794e+01
6.073308083820559489e+01
1.509883362567258587e+02
1.327082639745884194e+02
6.766559540904825099e+01
1.143259778884405051e+02
8.031953967130020544e+01
9.589598285027682323e+01
1.023022394351217770e+02
1.511199662203989647e+01
7.772641907234721259e+01
6.221586735783411370e+01
5.860258412994096489e+01
5.488067269695845596e+01
1.259767932311342946e+02
1.618581029739377755e+02
8.242244575182591859e+01
5.353836513926928831e+01
2.330228010944364598e+02
4.303152435572993539e+01
2.401549293397273743e+02
1.610389128494167608e+02
7.045849644737138817e+01
4.076158210021556272e+01
3.495848008273716090e+01
3.206036351030420661e+01
2.240561744930395491e+02
1.606147994675117729e+02
1.144126235580454249e+02
1.084149563820587616e+02
7.433028022721966011e+01
4.701275857998632546e+01
2.440404578588083382e+02
9.187845081355746402e+01
5.882194479624987338e+01
2.309766827795554036e+02
2.159130127932708945e+02
4.558611121850834280e+01
1.991036954031536084e+02
5.105269452983309009e+01
6.388824869441018706e+01
1.808505028479793850e+02
1.613893528089454321e+02
8.091892853133890640e+01
1.411995154856633974e+02
1.002518897069508768e+02
1.190967038752979477e+02
7.139611367243963969e+01
4.512273572490428108e+01
4.915356553431151099e+01
9.274504274027279394e+01
6.764129276458456275e+01
7.027907702871529239e+01
9.831408171058721734e+01
1.911905418980224454e+02
1.079300329589759286e+02
4.275119895638776057e+01
2.633117259329505941e+02
2.838051367760638044e+01
2.697532451377913958e+02
1.913458173230359591e+02
9.871339125840668771e+01
6.590518273886328871e+01
1.402540013474358105e+01
5.946032781599618744e+01
2.548356561096142343e+02
1.915471497373421244e+02
8.478484641795749610e+01
1.188493705373457914e+02
7.005637682059220595e+01
6.904011049284153501e+01
1.533363391439161205e+02
3.026747418302571191e+02
2.267718569645180793e+01
4.601216882888510895e+01
2.728276534617467632e+02
6.991392346318414752e+01
2.546294820352661077e+02
2.347163034978399878e+02
9.419809803654285929e+01
1.186407207685186620e+02
2.131555434083081195e+02
1.430544128826427936e+02
1.904576977366026824e+02
1.573635596571281496e+02
3.140710011953726166e+02
1.991160822332852831e+02
2.889637393684250810e+02
1.519718685848041844e+02
2.135981891868054277e+02
2.001283644768749070e+02
3.292067217037921978e+02
7.485436868921858888e+01
1.544210833543987746e+02
2.458409023812465364e+02
4.324699036272032515e+01
2.448927153081160100e+02
6.414311693188817287e+01
6.132787487891182820e+01
1.522337398704524674e+02
1.852866671718369673e+02
2.443288596079204638e+02
1.876559942806800336e+02
2.198731179673898595e+01
5.327247685357012585e+01
3.228540693462150557e+02
2.096824968511954523e+02
2.435346763272846999e+02
1.881883886266995773e+02
1.500007666885809385e+02
1.392877028449544810e+02
1.241375196286366673e+02
1.202459965157632098e+02
1.084141653610768543e+02
1.043622745236664997e+02
8.902709431934047757e+01
9.292674402754701646e+01
7.881691349113600609e+01
7.540817558590558178e+01
6.817295810590808003e+01
6.596545708840292832e+01
7.622162575817930019e+01
1.630644753249807195e+02
4.866383220960619838e+01
1.357062717566573724e+02
2.033822235721586580e+01
8.599887355333639505e+01
7.339692988372635796e+01
1.844900277150779004e+02
1.107223601244232611e+02
5.907569472447467973e+01
1.044068188491983591e+02
1.768035646697486243e+02
9.877497283283273077e+01
1.863828544881259006e+02
1.057150767952748964e+02
4.018193844757566069e+01
4.836182091129984428e+01
9.455521054412052706e+01
4.411128353103664779e+01
1.658827807782476782e+02
1.021007811713709543e+02
1.745157501024611122e+02
1.175249833322562552e+02
1.140892920097600438e+02
5.681953688390933621e+01
2.892139419288124600e+02
2.734568868147609351e+02
4.638953532307004934e+01
2.556307424546766924e+02
7.069178844187312905e+01
9.525966574760880690e+01
2.359988790707474493e+02
2.147480555636016106e+02
1.199515523386236993e+02
1.922527530159902085e+02
1.445545437334226619e+02
1.729724955324571454e+02
2.218266247416974579e+01
1.039130459175633803e+02
2.277155947289048754e+01
1.515162804706280326e+02
1.136879888170382458e+02
1.210838263269244237e+02
6.440630213560601192e+01
2.492518968293173600e+02
1.638914056146316796e+02
7.646706732484400959e+01
3.218946360574756795e+02
6.767098945935511267e+01
3.278859663847688353e+02
2.499868354067474741e+02
1.565583608645117124e+02
1.229239309982446713e+02
6.145947119469796860e+01
1.175664153044759530e+02
3.135839113543183885e+02
2.503086021226917524e+02
4.361913298614983603e+01
1.598005518765164368e+02
1.007255786224133800e+02
1.242990436409357216e+02
2.348641132450025637e+01
2.572205518529510755e+02
4.767107217806233166e+01
2.380150095745071610e+02
2.171529286582918417e+02
7.235495766008747864e+01
9.730963668864633576e+01
1.947100191262628073e+02
1.223243618121806549e+02
1.711869696138909660e+02
1.537259331529119777e+02
3.017642630095100458e+02
1.865915712822394994e+02
2.744068090667112187e+02
1.405277154995002036e+02
2.061058582044614980e+02
1.923549643917812659e+02
3.193725104967363109e+02
7.864358065493907191e+01
1.483738015241649464e+02
2.362646994394922331e+02
6.538811390086684128e+01
2.341144537702875823e+02
8.575279558827652693e+01
6.143507912825724304e+01
1.435231860805433541e+02
1.752950794372678160e+02
2.323766543904165758e+02
1.765711001712398058e+02
4.448740964358573535e+01
4.677630207545594487e+01
3.117572729740821842e+02
2.076360364569291619e+02
2.364002960127039046e+02
1.792145666028397386e+02
2.394395459760314111e+02
2.431845315999632362e+01
2.193070706398399921e+02
1.975879240441720981e+02
4.925558778969791263e+01
7.458016436227136126e+01
1.743660093833594544e+02
1.000595158788440102e+02
1.501305955773579797e+02
1.496485298996316828e+02
2.871201177854092066e+02
1.724596478859797912e+02
2.576079964495783656e+02
1.282644394801730527e+02
1.970976241834825089e+02
1.832151247583829274e+02
3.071622059909648215e+02
8.538514389744145205e+01
1.418465517585965756e+02
2.247868332436486014e+02
8.789091584297675297e+01
2.214006856686776814e+02
1.075736167676692929e+02
6.642465726779940383e+01
1.342149989768286673e+02
1.640174930601773156e+02
2.184550658557086535e+02
1.641000005599938731e+02
6.749605908181271730e+01
4.756540627567132873e+01
2.982965895039926068e+02
2.043244501550788641e+02
2.274695485770811842e+02
1.689733469857393970e+02
2.197076415095742448e+02
2.470582912166990397e+01
4.991219054868956562e+01
1.982923467177460282e+02
1.753967658001513712e+02
7.548316623362977396e+01
1.513849210528166225e+02
1.011400429750710401e+02
1.622037060000203894e+02
6.810034607983206456e+01
8.222190419534405237e+01
2.377093339325767118e+01
1.272354599288875079e+02
1.132135674790382325e+02
1.154142022899790447e+02
1.083168120251866924e+02
2.276805788146267844e+02
1.494809815532578909e+02
8.475611043615984386e+01
2.967384361120927565e+02
7.099546007154408755e+01
3.052908428306864153e+02
2.251758039694433080e+02
1.375250593419935115e+02
1.074085361180636937e+02
5.768198516068198245e+01
9.922792303795020530e+01
2.860186583014063899e+02
2.223102289166509706e+02
8.870290258098022207e+01
1.643157303129443392e+02
1.126332158869842317e+02
1.122412093621839659e+02
1.987252356615366864e+02
1.762362695678288560e+02
2.505909023883613784e+01
5.062425337262450142e+01
1.523326571882414839e+02
7.644286697981416978e+01
1.274905506135438884e+02
1.456205940318213550e+02
2.703667778417688510e+02
1.570568151822306788e+02
2.387927963016394699e+02
1.157828740041273647e+02
1.869179748817001041e+02
1.730857376550123661e+02
2.928048802853236339e+02
9.494596366607717641e+01
1.353904957030318315e+02
2.116884825781165205e+02
1.107039850411834720e+02
2.070254878229539770e+02
1.295777871036759166e+02
7.599100250147027680e+01
1.249103424993281095e+02
1.518696901009035116e+02
2.028288870022385879e+02
1.506381334623076214e+02
9.094205309168430063e+01
5.627335157738356486e+01
2.827008417467974937e+02
2.000823437818282287e+02
2.170368432717246776e+02
1.578757222656694807e+02
2.533015548261689176e+01
1.765376563538524692e+02
1.529549928793351228e+02
5.115036438001696695e+01
1.283340478993578131e+02
7.715067407215299511e+01
1.561850392724985852e+02
9.196711336690643179e+01
7.428399765266669874e+01
4.834977060298594154e+01
1.145337105032308500e+02
1.152041880373573406e+02
1.144137810145981291e+02
1.307852575447252548e+02
2.142913838381860785e+02
1.418190914613096538e+02
9.366252313904632842e+01
2.808191316787233518e+02
7.933335432794743269e+01
2.906515141518334531e+02
2.100487595960627800e+02
1.276031706348335604e+02
1.012093332304965969e+02
6.500926362823652482e+01
9.188677765811381448e+01
2.689169617920521205e+02
2.054835435042150493e+02
1.119555025838988058e+02
1.665463658257464772e+02
1.209558469704999197e+02
1.077831939253057527e+02
1.533656325432436347e+02
1.291932032328183766e+02
2.594689616724775050e+01
1.040676592582281046e+02
5.217129532619374999e+01
1.504013165417139533e+02
1.159876300582872375e+02
7.072184445893840632e+01
7.330926567675501815e+01
1.026244832457842051e+02
1.191395844557845010e+02
1.153724654279571524e+02
1.532003211614328393e+02
1.996567434534766221e+02
1.346549661725240412e+02
1.051856539002800162e+02
2.631068135656394702e+02
9.128653857676606265e+01
2.742001238511162455e+02
1.936065710648422282e+02
1.183978082697279177e+02
9.737875992786382540e+01
7.741541816592419423e+01
8.740906105446978813e+01
2.500545100032128687e+02
1.872747560103142348e+02
1.352556990357500979e+02
1.690736948211623201e+02
1.307338168522384194e+02
1.054615020440732707e+02
2.568615914181756210e+01
1.288758417838150194e+02
5.172756954068353252e+01
1.035296735018830958e+02
1.421488579638887586e+02
2.517645922247591557e+02
1.408133396809514011e+02
2.182269762826651345e+02
1.039164394738419332e+02
1.759586712169707994e+02
1.624042003846938655e+02
2.765531812581503459e+02
1.069038355956530495e+02
1.296256556178693700e+02
1.972902841280621828e+02
1.336794515592239918e+02
1.913065762506942917e+02
1.516384828785284355e+02
8.910863846443069747e+01
1.163563746470850191e+02
1.393709554837836606e+02
1.858091168633241637e+02
1.366903325944541336e+02
1.146579757771411039e+02
7.058797122853583517e+01
2.652267475125713645e+02
1.952462661142257616e+02
2.054260020385517294e+02
1.464198696951831948e+02
1.042181607980068776e+02
2.614793406274108634e+01
7.847533955441977582e+01
1.395969184668617800e+02
2.314912144625633630e+02
1.241596438354509218e+02
1.961058288166601073e+02
9.365239295881913506e+01
1.645358426066331106e+02
1.515452782442951332e+02
2.585660099434179529e+02
1.206397342732915661e+02
1.250714673649523263e+02
1.818323989310878801e+02
1.566066071483452902e+02
1.744877161325599388e+02
1.735548919396813687e+02
1.046067972924762728e+02
1.092930454652284027e+02
1.270360983895472202e+02
1.676379481446614648e+02
1.227737319744094009e+02
1.384258059717670335e+02
8.807809201471911820e+01
2.460425991859368366e+02
1.900296798763977790e+02
1.928677119348800773e+02
1.350737698239765621e+02
7.869929694170460266e+01
2.632572850547148136e+01
1.451387867614187712e+02
1.400189655673987943e+02
7.273207454826714979e+01
9.851056018425171601e+01
9.241540909949083016e+01
1.249687770093286900e+02
1.184436932660492232e+02
1.754186935236394334e+02
1.838956579192600600e+02
1.284037017569707473e+02
1.186317947809726832e+02
2.436528201651192944e+02
1.057566161818873525e+02
2.559803864648527565e+02
1.759641969900031313e+02
1.105293862076900524e+02
9.658144831240663564e+01
9.307797437765670168e+01
8.669435968983165708e+01
2.294905211876080955e+02
1.677901065073584164e+02
1.584600342359559022e+02
1.719310857259993668e+02
1.416746804486440965e+02
1.057260825582613109e+02
5.265579245541315601e+01
1.385316434712606792e+02
2.099249873272764830e+02
1.079234455758226261e+02
1.727990814519699541e+02
8.649755892296866477e+01
1.532726153348260993e+02
1.412052350548625839e+02
2.392269415336198506e+02
1.357612200173259112e+02
1.224735598366308551e+02
1.658306747406340946e+02
1.793496927459242443e+02
1.570818249415421235e+02
1.952197007583645814e+02
1.217395084049172027e+02
1.047643744230728373e+02
1.157715168949649467e+02
1.488160484310404570e+02
1.098250463448222547e+02
1.620830807615727167e+02
1.073919657011751951e+02
2.255300197222102270e+02
1.849090497471049162e+02
1.798743246944451926e+02
1.246626172970286888e+02
1.411805949268306222e+02
1.638840116623272536e+02
8.058925205739515718e+01
1.237070477073234258e+02
8.560288138489360676e+01
1.328573935008051308e+02
1.239834205458053873e+02
1.973408733877099053e+02
1.676695675615246444e+02
1.239988357852186454e+02
1.336256838497794774e+02
2.229837847818361354e+02
1.220578506889097810e+02
2.365247428108074530e+02
1.577680381617206820e+02
1.052064046443902328e+02
9.959015845771550346e+01
1.108368907099839760e+02
9.056543411101736751e+01
2.077441149199264032e+02
1.476449913553640840e+02
1.814295612628396839e+02
1.755352934535820566e+02
1.537643435904199691e+02
1.091932792181914067e+02
1.769270501599049510e+02
8.191080900392714170e+01
1.680068969246758570e+02
5.594358285954449173e+01
6.296030783978201129e+01
5.241241096073001415e+01
1.807705229928832864e+02
8.690264127972569952e+01
1.722059459766228784e+01
1.007390139059901060e+02
1.616968243097304594e+02
1.057921234687007370e+02
1.623600463142792591e+02
9.616468122094650539e+01
3.610932224240539767e+01
5.513757702778762848e+01
1.120701517835447305e+02
6.430845264199956546e+01
1.600760534429686572e+02
1.069830752133655949e+02
1.794888752149321078e+02
5.472920617415330469e+01
8.995006394256986937e+01
5.012667364816103799e+01
1.152369218531027855e+02
4.479457412871975208e+01
1.621490125900018029e+02
1.150708428792323303e+02
1.245170335756982638e+02
4.276125720074541903e+01
2.570377650261203257e+02
1.697637815751657513e+02
7.668794323105825583e+01
3.308489248680454011e+02
7.168854962962515742e+01
3.355438364345234845e+02
2.593160503418178564e+02
1.647259180215329764e+02
1.307068935096411337e+02
6.983414162092223876e+01
1.268130078249727433e+02
3.237799216022432915e+02
2.611699518434818401e+02
2.162153510624906261e+01
1.568118108034188651e+02
9.669413816385201699e+01
1.304896618802044088e+02
9.267268589696838887e+01
4.762755488868283749e+01
5.270095160061457307e+01
4.579882576218143697e+01
1.359479014194382103e+02
1.468348850429633217e+02
6.782775392635919331e+01
5.802326018133688734e+01
2.183190086249160231e+02
5.054922047196123458e+01
2.252021082905422702e+02
1.463328295217962420e+02
5.536849152751936032e+01
2.710877939784821677e+01
4.600084971983572757e+01
1.760682270310670816e+01
2.097165313576197150e+02
1.464785546232178035e+02
1.259325263326511930e+02
9.953824149456929149e+01
7.394738866029872781e+01
3.474629811066035501e+01
1.398288440635448353e+02
1.129399762635071056e+02
1.179137610575312038e+02
8.616866586862897748e+01
2.394765379288725455e+02
1.570689069674882319e+02
7.907102811487303029e+01
3.105525237012147954e+02
6.719420536083832474e+01
3.178248082624348854e+02
2.386265164931649849e+02
1.474306336484943643e+02
1.150104599311257516e+02
5.680127886760583067e+01
1.082052954885547535e+02
3.010293658045736152e+02
2.373843816702317895e+02
6.589062596584152232e+01
1.622274790716569441e+02
1.059832288791587871e+02
1.180748687779521759e+02
7.205612624122774434e+01
5.854293352291499275e+01
1.791153353554310854e+02
1.004730407654291184e+02
3.876749335692527865e+01
9.655441240678456438e+01
1.708142190083140690e+02
9.360978014420857107e+01
1.782899477961003356e+02
9.882824502775692110e+01
1.985837335723794439e+01
3.609327482815982790e+01
9.236437575001892242e+01
3.605724886245928928e+01
1.621207565438472500e+02
9.905790924472191250e+01
1.713102335380389434e+02
9.841600760023445105e+01
1.016883790621590435e+02
4.252758262885655682e+01
1.389574134395511429e+01
1.181832733501195918e+02
1.478355509096617766e+02
5.976088369459392879e+01
3.838564511899911480e+01
2.228972210774263658e+02
4.629178032717889124e+01
2.248314526404794265e+02
1.540460812476480896e+02
6.291467257432820759e+01
3.766645734108185195e+01
5.650692285417577665e+01
4.391315026957839507e+01
2.192217298733272344e+02
1.608193918666806326e+02
1.165734186315169154e+02
5.146773305991496272e+01
3.038432121613225689e+01
2.960298392442033588e+01
1.305518770010907588e+02
1.353948585141521619e+02
4.699660473646961378e+01
4.861146869606598386e+01
2.103649827545396818e+02
5.355518952582265513e+01
2.129442409356837800e+02
1.409233810755112870e+02
4.904620322676372268e+01
2.561697183598406014e+01
6.117290303006302565e+01
3.352278787434137541e+01
2.061625875183017342e+02
1.472327479160789210e+02
1.276744219505035716e+02
5.384729750053338648e+01
4.426293410047070864e+01
1.658319112135858120e+01
2.659040432050587697e+02
1.775451022818322713e+02
8.336919869985683818e+01
3.409092274802351881e+02
8.586525824290447417e+01
3.429819565633515595e+02
2.711508751740018965e+02
1.770191757269672905e+02
1.441576225102224385e+02
9.103548203318106857e+01
1.431268460425815192e+02
3.363964214572473566e+02
2.759807882348872567e+02
2.131178445268474775e+01
1.482869932690082351e+02
9.167152077666385424e+01
1.410892708702368168e+02
8.841743860049182047e+01
1.835617761033477962e+02
7.507474568150441030e+01
1.855453661762543334e+02
7.865516618737984800e+01
1.928232076286017360e+01
9.270619915835700908e+01
1.265480267307009399e+02
1.881610353979125136e+02
1.317864434966740532e+02
7.375881815103784334e+01
3.905938274120878617e+01
2.625295217011763498e+02
1.363990662523929132e+02
1.763682791429181691e+02
1.267021286682113725e+02
9.521869072474083850e+01
1.633692768176898937e+02
9.807966835948380435e+01
1.662498103224621673e+02
9.435642408979197171e+01
1.891483276493304899e+01
4.222606960178315916e+01
1.024626324199550709e+02
5.037377978813616153e+01
1.594796996120327037e+02
1.022158738398240132e+02
1.742793673404814285e+02
6.563969562778541444e+01
8.922731198368846606e+01
3.960029910174970524e+01
2.583286720020381608e+02
1.440383724448934721e+01
2.614258188234722411e+02
1.880090529740034810e+02
9.365720327300873294e+01
6.100214073708946216e+01
2.877082370964944147e+01
6.108057260639878905e+01
2.532133499362452369e+02
1.926167471044778665e+02
7.909756139132502994e+01
8.370255679951210936e+01
2.792845900881625454e+01
5.775390083386498929e+01
2.597143052749518688e+02
2.141752150319573644e+01
7.201608628757685437e+01
1.661441152994255788e+02
2.001621694601988963e+02
2.614321397338677002e+02
2.044890921792724043e+02
2.144270774386052381e+01
7.610301173498436356e+01
3.371245491672389676e+02
2.087844557051249410e+02
2.513946398812453538e+02
2.010693045925798117e+02
2.639607441147046529e+02
1.885447823885523917e+02
9.371336980609183342e+01
5.983878813334133895e+01
1.437939585885933980e+01
5.755429182933768573e+01
2.534434488450884260e+02
1.916835681253085681e+02
7.799543776967979625e+01
9.511244228293917047e+01
4.205540031743278462e+01
5.886708295359005660e+01
8.077224197388309790e+01
1.713570884825474820e+02
2.051802437601550935e+02
2.668027880107988494e+02
2.103981238453171443e+02
4.269089981277767265e+01
8.921458378954771717e+01
3.405128349681907594e+02
2.058791093454960048e+02
2.522664609815670644e+02
2.050957132843686850e+02
9.483445750370950122e+01
1.287655960569761930e+02
1.897136813497989465e+02
1.326878193897725566e+02
6.526376584838502026e+01
1.984489801017056720e+01
2.663106348820560356e+02
1.484434781905120815e+02
1.835478747462165643e+02
1.303424398650592195e+02
3.402100597108334057e+01
9.549860880540643393e+01
3.926313610295618162e+01
1.598343918096341838e+02
9.904161928775718593e+01
1.715107973304983773e+02
8.084312822788498920e+01
9.329717959349314071e+01
3.595800242519057122e+01
6.163406746277009773e+01
1.004041423823229273e+01
1.936101579405353164e+02
1.320370821431629338e+02
1.377828511776269806e+02
7.610054557089713967e+01
6.615956889937389462e+01
9.635702770944556406e+00
5.705786666225846915e+01
2.540311166930017919e+02
1.913667444598932263e+02
7.998862679618102334e+01
1.069969116689971145e+02
5.623686023420100355e+01
6.288912932378708831e+01
1.969933619341451561e+02
1.345429596860662400e+02
1.353351594654046153e+02
8.559683218005622507e+01
7.032880256765830040e+01
1.906163664634206611e+01
6.384095471355499285e+01
3.313222321974006945e+02
2.100934306991822211e+02
2.485518541158445771e+02
1.955079610528654825e+02
2.696667112271123870e+02
1.609032517558218274e+02
1.909320525794743446e+02
1.349963787569890883e+02
1.529408141604781122e+02
9.363268150380982036e+01
1.360848947094731898e+02
6.012945204585423653e+01
6.658980144137670720e+01
5.922978782865031633e+01
