1.000000000000000000e+00 2.715345307662305141e-18 5.865029098106520549e-18 9.999999999999998890e-01
1.002050102994793468e+00 -1.050028007599074198e-04 -2.317588360666448296e-04 1.002107331734240825e+00
1.004501116352303214e+00 -1.675207252668975053e-04 -3.038714586392870219e-04 1.004766479286976599e+00
1.006840793995414041e+00 -1.268653188285039481e-04 -3.591434017647798923e-04 1.007309679780546752e+00
1.008936733776402583e+00 -1.098556739617724965e-04 -5.010448864016738175e-04 1.009553537738569373e+00
1.011117113223212627e+00 -1.041790472919561786e-04 -6.481056761420540780e-04 1.012013359626436682e+00
1.013778056197166766e+00 -1.698975719172138470e-05 -6.728937395873229536e-04 1.015056119937680190e+00
1.016892926892807747e+00 4.554397069600337551e-05 -6.487149137398190478e-04 1.018113588517629564e+00
1.020001201205355423e+00 1.763216275539618749e-04 -7.367062302246998222e-04 1.020478064596627821e+00
1.022687344717201796e+00 2.265319190832401272e-04 -8.807192509705662371e-04 1.022551938325888754e+00
1.025004529489905059e+00 3.418635741503510449e-04 -9.086522045919612385e-04 1.025247581789584972e+00
1.027304425934292054e+00 5.009394081718282011e-04 -8.588916157379819505e-04 1.028447791092147234e+00
1.029781907111658956e+00 5.242234725178481847e-04 -8.776136436145257850e-04 1.031266021598361116e+00
1.032283282938304625e+00 5.266253214910658316e-04 -9.024877166500696853e-04 1.033530211065857296e+00
1.034479424702339001e+00 6.208575535898549960e-04 -7.943822149302448782e-04 1.035712805851730867e+00
1.036125951332085959e+00 7.215884947911373193e-04 -6.530448598794747839e-04 1.037694002853087660e+00
1.037170598272610711e+00 7.786755909397074810e-04 -6.711814280240036880e-04 1.038887890168243455e+00
1.037700255281696959e+00 8.053457041592437804e-04 -8.213332832780968805e-04 1.039291932457813816e+00
1.037812568400628965e+00 8.071115400222954404e-04 -9.687687664122403720e-04 1.039319573837631738e+00
1.037511072321602779e+00 7.951948377437963612e-04 -1.150070083054106343e-03 1.038895400028453597e+00
1.036675448868769944e+00 7.679418855172016238e-04 -1.474969202819077091e-03 1.037647589136085013e+00
1.035146796228431088e+00 7.166786124779626595e-04 -1.829815811714582746e-03 1.035834579627758378e+00
1.032914294370563146e+00 7.378549616297669454e-04 -1.984500806582625929e-03 1.034081607627792776e+00
1.030224379904929988e+00 8.727056268486797211e-04 -1.990799243350283628e-03 1.032225170207060172e+00
1.027469883620888202e+00 9.360140715525741822e-04 -2.112203347357407592e-03 1.029618555550632308e+00
1.024910471978065063e+00 9.622546130156915461e-04 -2.348351424817236334e-03 1.026543633426058255e+00
1.022440379520362486e+00 1.042069331483216812e-03 -2.424920941366518271e-03 1.023987697799022101e+00
1.019730623312548934e+00 1.222316287589277030e-03 -2.267875811023540352e-03 1.022038231487719218e+00
1.016661821638185081e+00 1.322077344175012987e-03 -2.109090238618631027e-03 1.019770329352730931e+00
1.013567031333957980e+00 1.338449296262594337e-03 -2.091248263544263648e-03 1.016815613323253986e+00
1.010910173435922266e+00 1.349716620614150285e-03 -2.110793419074029082e-03 1.013880082885996847e+00
1.008751689847922961e+00 1.315031981419014558e-03 -2.097261914294694645e-03 1.011497129928409677e+00
1.006720758888781431e+00 1.205843731213276839e-03 -2.130762561723480684e-03 1.009381085601151362e+00
1.004585177543789953e+00 1.211513907485831706e-03 -2.240679819506037011e-03 1.007300860159857203e+00
1.002738141004268391e+00 1.277115907141777819e-03 -2.347588266211661934e-03 1.005655865343245470e+00
1.001964210664371357e+00 1.323259947825921072e-03 -2.394886538048065019e-03 1.004994546805186850e+00
1.002658400417282270e+00 1.184173632342934478e-03 -2.360501379130749457e-03 1.005546162250528841e+00
1.004421557761590034e+00 1.039002329901547728e-03 -2.235130946575399763e-03 1.007093193288145283e+00
1.006498782497754707e+00 9.992253752268242910e-04 -2.096549502493465743e-03 1.009018227236799126e+00
1.008536192225742978e+00 9.627361944896215169e-04 -2.034230957470696197e-03 1.010922130330620616e+00
1.010797099401276711e+00 8.681991647044003460e-04 -1.970303901694584955e-03 1.013167155983975221e+00
1.013633192005080508e+00 8.080791171833648584e-04 -1.789456038877852359e-03 1.016094938520536450e+00
1.016902265597334765e+00 6.934325945721423997e-04 -1.593100190570231108e-03 1.019080751394955797e+00
1.020053351111382955e+00 5.657493249743074945e-04 -1.532303590842751294e-03 1.021381401761026098e+00
1.022701635613162630e+00 4.220734274350697291e-04 -1.495671913979931735e-03 1.023425942601046135e+00
1.024992407156303464e+00 4.265427136715116137e-04 -1.290226145689208530e-03 1.026107622299603506e+00
1.027335616427040410e+00 4.743581708547162535e-04 -1.018165860144857162e-03 1.029229469061248903e+00
1.029905247330760831e+00 4.818028489935914454e-04 -9.344249093085980331e-04 1.031813692908250424e+00
1.032457132698127777e+00 4.342955478313026895e-04 -1.009042691782074692e-03 1.033669712259103202e+00
1.034604208159987992e+00 5.082223398247464816e-04 -9.808421717671725326e-04 1.035457213573686586e+00
1.036136392836674247e+00 7.181962166631577311e-04 -8.142463330302314537e-04 1.037265091342776113e+00
1.037065985095574128e+00 8.139140425051763538e-04 -7.300707434079697130e-04 1.038386721527751355e+00
1.037508926005892729e+00 8.330761305899273038e-04 -7.761583140295638455e-04 1.038616118722015536e+00
1.037547958940658210e+00 8.022118750658802653e-04 -7.704792792166281377e-04 1.038484212081277391e+00
1.037181615500197163e+00 6.786679373682283790e-04 -7.100477879438327937e-04 1.038020824999543068e+00
1.036329139243638009e+00 4.472658218057576894e-04 -7.987335532375394774e-04 1.036641422121494793e+00
1.034866334385303732e+00 2.234394420662329304e-04 -9.922838114719844966e-04 1.034497550620882222e+00
1.032748975687757031e+00 3.334587787991622225e-05 -9.960887306655549778e-04 1.032420596933578016e+00
1.030178758028372110e+00 2.739266755798266861e-05 -8.020320843042223974e-04 1.030347497839051663e+00
1.027542690418011606e+00 -2.209047868583154681e-05 -7.119714228857762462e-04 1.027502175060186929e+00
1.025123243411246721e+00 -1.918553904866261597e-04 -7.783061930831708559e-04 1.024136997633021462e+00
1.022807679756986277e+00 -3.179749182407399567e-04 -7.409299900815989343e-04 1.021316546354954058e+00
1.020215609866963025e+00 -3.288386878978417959e-04 -5.313488676395807962e-04 1.019090893264388731e+00
1.017200657763414284e+00 -3.879637459725396656e-04 -3.718923672611033882e-04 1.016512235410540921e+00
1.014127268908836754e+00 -4.331817494605991973e-04 -3.730399953037241809e-04 1.013334108912540721e+00
1.011503916533400549e+00 -4.522480246457230547e-04 -3.983194830922092539e-04 1.010330720416857231e+00
1.009394693270302179e+00 -5.314539628863552663e-04 -3.313722782092062401e-04 1.007948790813877782e+00
1.007351898494795117e+00 -6.270726285312894091e-04 -2.099017857686945451e-04 1.005729387917079221e+00
1.004941091760279237e+00 -7.517593541152634354e-04 -8.490171516037146686e-05 1.003231726364242071e+00
1.002271773278445632e+00 -7.762349671932526748e-04 6.761150137136034955e-05 1.000777154792072743e+00
9.999264246414820700e-01 -8.237392731318969640e-04 2.690341029465968575e-04 9.990007053588314534e-01
9.984552679517865181e-01 -8.428767438296027280e-04 4.756070943306959392e-04 9.980630201697205939e-01
9.979689501732539325e-01 -8.718513511428340867e-04 6.202649746987816837e-04 9.975788144308516125e-01
9.982479518999919366e-01 -9.160148568356455551e-04 6.767875963071802664e-04 9.972015673940706204e-01
9.991126284956081127e-01 -8.608349243693179517e-04 6.791208269751166033e-04 9.970965031830670844e-01
1.000555903852607953e+00 -8.304099884271931185e-04 6.896430568580807271e-04 9.977637023073647748e-01
1.002548251991861594e+00 -9.441272573584314496e-04 7.241756195232038670e-04 9.993952453685801540e-01
1.004811013296154298e+00 -1.041282959748961005e-03 7.148352426897864893e-04 1.001574732737846363e+00
1.006936879455545997e+00 -1.142977904377444776e-03 5.964411031294187052e-04 1.003775090168359307e+00
1.008752655357883610e+00 -1.175179780135797046e-03 4.037776049727458019e-04 1.005939065595430781e+00
