0.000000000000000000e+00 2.615930234482451056e+01 2.637005507646940217e+01 2.594634280101929136e+01 2.720346623098983585e+01 4.621188415094124480e+00 2.666666666666666519e+00 2.000000000000000000e+00 2.200000000000000000e+01 2.666666666666666785e+01 4.000000000000000000e+00 3.000000000000000000e+00
1.000000000000000000e+00 1.851344413534975075e+01 1.889148615847997803e+01 1.701940633706124117e+01 2.374770791685152460e+01 2.833242518961519707e+01 2.000000000000000000e+01 1.800000000000000000e+01 1.533333333333333393e+01 5.333333333333333570e+01 2.400000000000000000e+01 1.500000000000000000e+00
2.000000000000000000e+00 1.918510206904671733e+01 1.916059063647837135e+01 1.763836297933882236e+01 2.105023238452836765e+01 1.620822679229528163e+01 9.199999999999999289e+00 9.599999999999999645e+00 1.319999999999999929e+01 3.200000000000000000e+01 2.200000000000000000e+01 2.500000000000000000e+00
3.000000000000000000e+00 2.178158437915008250e+01 2.178937469839556940e+01 2.137710696070479699e+01 2.234656441612156996e+01 4.338284119940036376e+00 6.000000000000000000e+00 6.500000000000000000e+00 2.750000000000000000e+01 4.000000000000000000e+01 3.500000000000000000e+01 2.000000000000000000e+00
4.000000000000000000e+00 2.084599753280939183e+01 2.101776398975600202e+01 1.944681847044526890e+01 2.312589514846031591e+01 1.590890495004252436e+01 2.700000000000000000e+01 1.500000000000000000e+01 3.800000000000000000e+01 8.000000000000000000e+01 3.400000000000000000e+01 1.000000000000000000e+00
5.000000000000000000e+00 1.763632928343558604e+01 1.794247238109992537e+01 1.588336511729425382e+01 2.102537336046644967e+01 2.445620420154155994e+01 1.300000000000000000e+01 1.300000000000000000e+01 1.400000000000000000e+01 4.000000000000000000e+01 2.300000000000000000e+01 2.000000000000000000e+00
6.000000000000000000e+00 2.217951540201117311e+01 2.219083684815605295e+01 2.171469396367515259e+01 2.267054261246742897e+01 4.216258362808736671e+00 0.000000000000000000e+00 0.000000000000000000e+00 4.000000000000000000e+01 4.000000000000000000e+01 3.500000000000000000e+01 2.000000000000000000e+00
7.000000000000000000e+00 2.177706177767290541e+01 2.171711978476770355e+01 2.110024112358792081e+01 2.236574839234532064e+01 5.658237974234387124e+00 7.000000000000000000e+00 7.500000000000000000e+00 2.550000000000000000e+01 4.000000000000000000e+01 3.500000000000000000e+01 2.000000000000000000e+00
8.000000000000000000e+00 2.053985483380858312e+01 2.040361132637344355e+01 1.939355373826539974e+01 2.163985490513918819e+01 1.038038922497729288e+01 5.000000000000000000e+00 6.000000000000000000e+00 6.900000000000000000e+01 8.000000000000000000e+01 3.800000000000000000e+01 1.000000000000000000e+00
9.000000000000000000e+00 2.103264523355394289e+01 2.115882693034145845e+01 2.053133201290381749e+01 2.204783572943651038e+01 6.878242994653565923e+00 6.500000000000000000e+00 7.000000000000000000e+00 2.650000000000000000e+01 4.000000000000000000e+01 3.500000000000000000e+01 2.000000000000000000e+00
1.000000000000000000e+01 1.473521066822944725e+01 1.484457402661809589e+01 1.412575908667853497e+01 1.578049117062972684e+01 1.048593523521587123e+01 7.500000000000000000e+00 8.000000000000000000e+00 2.450000000000000000e+01 4.000000000000000000e+01 4.000000000000000000e+00 2.000000000000000000e+00
1.100000000000000000e+01 1.582608568588215725e+01 1.563135259889326178e+01 1.491646788829487669e+01 1.612096443846525773e+01 7.471615949331199324e+00 8.000000000000000000e+00 8.000000000000000000e+00 1.440000000000000000e+02 1.600000000000000000e+02 0.000000000000000000e+00 5.000000000000000000e-01
1.200000000000000000e+01 1.641920401326530055e+01 1.655149570525891178e+01 1.561043899074543617e+01 1.816691813070730888e+01 1.407216745057428753e+01 6.000000000000000000e+00 9.333333333333333925e+00 3.800000000000000000e+01 5.333333333333333570e+01 2.100000000000000000e+01 1.500000000000000000e+00
1.300000000000000000e+01 2.245224238228946234e+01 2.247891875950430318e+01 2.184261920022321490e+01 2.309859266555512747e+01 5.437445837143290106e+00 0.000000000000000000e+00 0.000000000000000000e+00 4.000000000000000000e+01 4.000000000000000000e+01 3.500000000000000000e+01 2.000000000000000000e+00
1.400000000000000000e+01 2.652477216464572862e+01 2.645466586130136122e+01 2.576812179713193629e+01 2.687007540972941300e+01 4.101043989621514285e+00 3.500000000000000000e+00 5.000000000000000000e+00 3.150000000000000000e+01 4.000000000000000000e+01 3.500000000000000000e+01 2.000000000000000000e+00
1.500000000000000000e+01 2.642084659735915508e+01 2.635614580821223996e+01 2.550897039149407419e+01 2.708803293318968741e+01 5.829373235000989695e+00 6.000000000000000000e+00 6.500000000000000000e+00 2.750000000000000000e+01 4.000000000000000000e+01 3.500000000000000000e+01 2.000000000000000000e+00
1.600000000000000000e+01 2.609553467778949098e+01 2.610392645466166073e+01 2.564854526821197922e+01 2.656193788501676423e+01 3.438727327647346677e+00 0.000000000000000000e+00 0.000000000000000000e+00 4.000000000000000000e+01 4.000000000000000000e+01 3.500000000000000000e+01 2.000000000000000000e+00
1.700000000000000000e+01 2.587124806387012299e+01 2.592680485849404093e+01 2.533916813114922206e+01 2.656989133266994330e+01 4.632021960915746028e+00 0.000000000000000000e+00 0.000000000000000000e+00 4.000000000000000000e+01 4.000000000000000000e+01 3.500000000000000000e+01 2.000000000000000000e+00
1.800000000000000000e+01 2.547282321855554699e+01 2.554796283588844830e+01 2.507572864740326324e+01 2.614975821715740167e+01 4.107225622642450169e+00 0.000000000000000000e+00 0.000000000000000000e+00 4.000000000000000000e+01 4.000000000000000000e+01 3.500000000000000000e+01 2.000000000000000000e+00
1.900000000000000000e+01 2.533016589767638038e+01 2.529770546226643546e+01 2.465548774044938440e+01 2.582970065378267321e+01 4.545979564657979033e+00 0.000000000000000000e+00 0.000000000000000000e+00 4.000000000000000000e+01 4.000000000000000000e+01 3.500000000000000000e+01 2.000000000000000000e+00
2.000000000000000000e+01 2.478839752094895488e+01 2.479842942396667738e+01 2.410077806620684981e+01 2.546214931882676780e+01 5.346647038996496626e+00 0.000000000000000000e+00 0.000000000000000000e+00 4.000000000000000000e+01 4.000000000000000000e+01 3.500000000000000000e+01 2.000000000000000000e+00
2.100000000000000000e+01 2.452866318257220968e+01 2.453374594025539324e+01 2.416464087863505128e+01 2.486539301893734688e+01 2.818182442435583468e+00 0.000000000000000000e+00 0.000000000000000000e+00 4.000000000000000000e+01 4.000000000000000000e+01 3.500000000000000000e+01 2.000000000000000000e+00
2.200000000000000000e+01 2.400392697449683865e+01 2.404165131212989337e+01 2.353991014142317795e+01 2.464999064213194302e+01 4.503370880844910218e+00 0.000000000000000000e+00 0.000000000000000000e+00 4.000000000000000000e+01 4.000000000000000000e+01 3.500000000000000000e+01 2.000000000000000000e+00
2.300000000000000000e+01 2.365178811172966533e+01 2.380983351932464842e+01 2.314552321353298936e+01 2.447237529113743548e+01 5.421836098128815173e+00 3.500000000000000000e+00 2.500000000000000000e+00 3.400000000000000000e+01 4.000000000000000000e+01 3.500000000000000000e+01 2.000000000000000000e+00
2.400000000000000000e+01 2.317882633901624345e+01 2.321159726840806314e+01 2.277079454289922111e+01 2.371042218845947502e+01 3.962930892127247695e+00 0.000000000000000000e+00 0.000000000000000000e+00 4.000000000000000000e+01 4.000000000000000000e+01 3.500000000000000000e+01 2.000000000000000000e+00
2.500000000000000000e+01 1.549987052890014994e+01 1.577430400293281920e+01 1.487079965961785888e+01 1.762192652496529277e+01 1.561195287842032720e+01 6.000000000000000000e+00 3.200000000000000000e+01 1.220000000000000000e+02 1.600000000000000000e+02 3.100000000000000000e+01 5.000000000000000000e-01
2.600000000000000000e+01 1.404966193456267121e+01 1.444504812538335692e+01 1.350504245744545173e+01 1.641661776514365556e+01 1.773553693794445252e+01 1.100000000000000000e+01 1.700000000000000000e+01 5.200000000000000000e+01 8.000000000000000000e+01 3.200000000000000000e+01 1.000000000000000000e+00
2.700000000000000000e+01 1.674793789377505604e+01 1.675881362575386646e+01 1.486745659147794463e+01 1.947321334762749956e+01 2.365175522873164127e+01 1.800000000000000000e+01 1.800000000000000000e+01 4.000000000000000000e+00 4.000000000000000000e+01 3.200000000000000000e+01 2.000000000000000000e+00
2.800000000000000000e+01 2.298227673215525613e+01 2.295367831672568926e+01 2.245835464039060270e+01 2.332222950877093837e+01 3.704083557086396361e+00 7.500000000000000000e+00 8.000000000000000000e+00 2.450000000000000000e+01 4.000000000000000000e+01 1.500000000000000000e+01 2.000000000000000000e+00
2.900000000000000000e+01 1.894205781697134583e+01 1.747475880628349643e+01 1.179467356119745958e+01 2.120424532711755461e+01 4.437588615279054238e+01 6.571428571428571175e+00 9.142857142857142350e+00 7.142857142857143238e+00 2.285714285714285765e+01 1.500000000000000000e+01 3.500000000000000000e+00
3.000000000000000000e+01 2.128718600994886145e+01 2.133188925325407581e+01 2.080753648912115494e+01 2.188959400617154216e+01 4.943250737063978661e+00 6.000000000000000000e+00 5.666666666666666963e+00 1.500000000000000000e+01 2.666666666666666785e+01 1.700000000000000000e+01 3.000000000000000000e+00
3.100000000000000000e+01 1.774958706989896484e+01 1.744447000886138710e+01 1.550434701186392417e+01 1.924399199654052239e+01 1.943279224678991568e+01 2.000000000000000000e+01 1.800000000000000000e+01 4.200000000000000000e+01 8.000000000000000000e+01 7.500000000000000000e+01 1.000000000000000000e+00
3.200000000000000000e+01 1.649485153187286812e+01 1.652274611336252974e+01 1.543358204712870219e+01 1.819302395414160145e+01 1.516758244241589537e+01 1.000000000000000000e+01 1.466666666666666607e+01 2.866666666666666785e+01 5.333333333333333570e+01 3.000000000000000000e+01 1.500000000000000000e+00
3.300000000000000000e+01 1.630900557997060218e+01 1.616769810322962542e+01 1.559714629658470741e+01 1.675560592795137183e+01 6.913862956362233803e+00 6.000000000000000000e+00 4.000000000000000000e+00 4.333333333333333570e+01 5.333333333333333570e+01 3.000000000000000000e+01 1.500000000000000000e+00
3.400000000000000000e+01 1.650738579836548325e+01 1.620680965156063635e+01 1.441945565911908034e+01 1.708723047646690318e+01 1.561268118330802679e+01 1.800000000000000000e+01 1.800000000000000000e+01 1.240000000000000000e+02 1.600000000000000000e+02 0.000000000000000000e+00 5.000000000000000000e-01
3.500000000000000000e+01 1.412004417616336838e+01 1.403331249265997016e+01 1.240007337083132377e+01 1.535353847502472036e+01 1.923638064930593572e+01 1.400000000000000000e+01 1.200000000000000000e+01 1.400000000000000000e+01 4.000000000000000000e+01 6.000000000000000000e+00 2.000000000000000000e+00
3.600000000000000000e+01 2.241177730087013487e+01 2.240315219739447272e+01 2.193102945405975390e+01 2.281099181644038509e+01 3.857624295610079024e+00 0.000000000000000000e+00 0.000000000000000000e+00 4.000000000000000000e+01 4.000000000000000000e+01 3.500000000000000000e+01 2.000000000000000000e+00
3.700000000000000000e+01 2.076820281156615167e+01 2.050129784349620010e+01 1.835553190635426901e+01 2.144748806902762084e+01 1.441640229719234334e+01 4.666666666666666963e+00 0.000000000000000000e+00 4.866666666666666430e+01 5.333333333333333570e+01 3.100000000000000000e+01 1.500000000000000000e+00
3.800000000000000000e+01 2.251299428597797458e+01 2.254287258078810297e+01 2.205966349882567101e+01 2.311523350241887442e+01 4.566555658988883160e+00 0.000000000000000000e+00 0.000000000000000000e+00 4.000000000000000000e+01 4.000000000000000000e+01 3.500000000000000000e+01 2.000000000000000000e+00
3.900000000000000000e+01 2.310206600120742948e+01 2.314125569724286180e+01 2.273656028743130619e+01 2.360618959057275035e+01 3.683903748230230590e+00 0.000000000000000000e+00 0.000000000000000000e+00 4.000000000000000000e+01 4.000000000000000000e+01 3.500000000000000000e+01 2.000000000000000000e+00
4.000000000000000000e+01 2.400717923163147560e+01 2.396335947734963412e+01 2.338414783030586719e+01 2.441040661229641984e+01 4.204185527469207706e+00 0.000000000000000000e+00 0.000000000000000000e+00 4.000000000000000000e+01 4.000000000000000000e+01 3.500000000000000000e+01 2.000000000000000000e+00
4.100000000000000000e+01 2.450550033895338942e+01 2.455413114795691598e+01 2.410520559727029166e+01 2.490448904852827638e+01 3.209395100218761954e+00 5.333333333333333037e+00 7.333333333333333037e+00 4.066666666666666430e+01 5.333333333333333570e+01 3.500000000000000000e+01 1.500000000000000000e+00
4.200000000000000000e+01 2.476773940548591924e+01 2.482148801415586803e+01 2.429318665415893719e+01 2.552008166109047238e+01 4.807566931896369411e+00 0.000000000000000000e+00 0.000000000000000000e+00 4.000000000000000000e+01 4.000000000000000000e+01 3.500000000000000000e+01 2.000000000000000000e+00
4.300000000000000000e+01 2.505058285819902153e+01 2.501430970555923139e+01 2.441387732577814518e+01 2.548864056912010057e+01 4.216636193002966770e+00 0.000000000000000000e+00 0.000000000000000000e+00 4.000000000000000000e+01 4.000000000000000000e+01 3.500000000000000000e+01 2.000000000000000000e+00
4.400000000000000000e+01 2.572272720279851654e+01 2.581144269248800427e+01 2.518419855503409366e+01 2.659739217084332807e+01 5.313278861069732351e+00 0.000000000000000000e+00 0.000000000000000000e+00 4.000000000000000000e+01 4.000000000000000000e+01 3.500000000000000000e+01 2.000000000000000000e+00
4.500000000000000000e+01 2.542046425063277226e+01 2.545948923630817617e+01 2.495296937628902256e+01 2.601564073064371030e+01 4.084740273580775849e+00 0.000000000000000000e+00 0.000000000000000000e+00 4.000000000000000000e+01 4.000000000000000000e+01 3.500000000000000000e+01 2.000000000000000000e+00
4.600000000000000000e+01 2.608202369064004955e+01 2.599617485459942756e+01 2.541427629444933700e+01 2.643911803849089992e+01 3.876232719070152211e+00 0.000000000000000000e+00 0.000000000000000000e+00 4.000000000000000000e+01 4.000000000000000000e+01 3.500000000000000000e+01 2.000000000000000000e+00
4.700000000000000000e+01 2.629795868324818997e+01 2.620063902592377048e+01 2.551333789932567697e+01 2.671150069045203779e+01 4.485568987723109302e+00 0.000000000000000000e+00 0.000000000000000000e+00 4.000000000000000000e+01 4.000000000000000000e+01 3.500000000000000000e+01 2.000000000000000000e+00
4.800000000000000000e+01 2.661069274239136462e+01 2.646058250843627135e+01 2.528689917144244959e+01 2.727313891496324061e+01 7.282769136745945282e+00 5.500000000000000000e+00 7.500000000000000000e+00 2.700000000000000000e+01 4.000000000000000000e+01 3.500000000000000000e+01 2.000000000000000000e+00
4.900000000000000000e+01 2.651582496765485075e+01 2.655881689645450550e+01 2.612584129939583732e+01 2.707360715527040895e+01 3.500700333128939246e+00 0.000000000000000000e+00 0.000000000000000000e+00 4.000000000000000000e+01 4.000000000000000000e+01 3.500000000000000000e+01 2.000000000000000000e+00
5.000000000000000000e+01 1.627158221718740805e+01 1.625165281471848644e+01 1.610886292909563267e+01 1.638329855629983456e+01 1.675093854031450391e+00 5.714285714285713969e-01 8.571428571428570953e-01 2.142857142857142705e+01 2.285714285714285765e+01 4.000000000000000000e+00 3.500000000000000000e+00
5.100000000000000000e+01 2.205886126606577591e+01 2.200640806598995169e+01 2.135504121193355331e+01 2.253094974877145518e+01 5.219081086016005955e+00 0.000000000000000000e+00 0.000000000000000000e+00 4.000000000000000000e+01 4.000000000000000000e+01 3.500000000000000000e+01 2.000000000000000000e+00
5.200000000000000000e+01 1.429527963151342718e+01 1.424440017643023637e+01 1.269939355503027478e+01 1.527436304319570226e+01 1.685811369602415866e+01 1.150000000000000000e+01 7.000000000000000000e+00 2.150000000000000000e+01 4.000000000000000000e+01 3.100000000000000000e+01 2.000000000000000000e+00
5.300000000000000000e+01 2.316218562400686309e+01 2.315429223415262072e+01 2.243235713640089557e+01 2.393558313560531303e+01 6.280298209941238774e+00 6.666666666666666963e+00 6.666666666666666963e+00 4.000000000000000000e+01 5.333333333333333570e+01 3.300000000000000000e+01 1.500000000000000000e+00
5.400000000000000000e+01 2.057476560313205027e+01 2.023479574170566053e+01 1.829015384203628258e+01 2.137455797960489789e+01 1.443025928541624658e+01 2.000000000000000000e+01 1.400000000000000000e+01 1.260000000000000000e+02 1.600000000000000000e+02 0.000000000000000000e+00 5.000000000000000000e-01
5.500000000000000000e+01 1.502746012394245767e+01 1.496841705791617549e+01 1.466719402474493705e+01 1.528299003205627926e+01 4.029290119405311010e+00 0.000000000000000000e+00 0.000000000000000000e+00 4.000000000000000000e+01 4.000000000000000000e+01 3.500000000000000000e+01 2.000000000000000000e+00
5.600000000000000000e+01 1.316102960950228074e+01 1.309807271838527676e+01 1.229111323857622828e+01 1.353117317767136463e+01 9.164467284636019784e+00 5.333333333333333037e+00 4.666666666666666963e+00 1.666666666666666785e+01 2.666666666666666785e+01 1.600000000000000000e+01 3.000000000000000000e+00
5.700000000000000000e+01 2.127015227470373304e+01 2.133921566872808739e+01 2.083201329664307622e+01 2.192343586120182763e+01 4.978337207126622310e+00 0.000000000000000000e+00 0.000000000000000000e+00 4.000000000000000000e+01 4.000000000000000000e+01 3.500000000000000000e+01 2.000000000000000000e+00
5.800000000000000000e+01 1.951308805052388351e+01 1.924221505562679368e+01 1.596256234625742465e+01 2.120388897638240167e+01 2.471870436580261909e+01 6.400000000000000000e+01 4.200000000000000000e+01 5.400000000000000000e+01 1.600000000000000000e+02 0.000000000000000000e+00 5.000000000000000000e-01
5.900000000000000000e+01 1.844726778232505282e+01 1.831541957250749419e+01 1.625574917411849896e+01 1.930213907237385840e+01 1.578265438267149356e+01 1.000000000000000000e+01 4.666666666666666963e+00 3.866666666666666430e+01 5.333333333333333570e+01 3.100000000000000000e+01 1.500000000000000000e+00
6.000000000000000000e+01 1.461631619252635161e+01 1.403668359089176043e+01 1.240027073993789841e+01 1.474558862190681729e+01 1.590521709309448717e+01 6.400000000000000355e+00 5.200000000000000178e+00 2.039999999999999858e+01 3.200000000000000000e+01 1.900000000000000000e+01 2.500000000000000000e+00
6.100000000000000000e+01 2.129053360732557820e+01 2.131581817346905794e+01 2.077711674756348259e+01 2.186426444238058053e+01 4.972258260423460641e+00 1.000000000000000000e+01 1.133333333333333393e+01 3.200000000000000000e+01 5.333333333333333570e+01 3.500000000000000000e+01 1.500000000000000000e+00
6.200000000000000000e+01 1.461857078421556544e+01 1.480808553155225660e+01 1.193668250368220463e+01 1.727363412612346494e+01 3.089651884179959040e+01 6.000000000000000000e+01 4.000000000000000000e+01 6.000000000000000000e+01 1.600000000000000000e+02 0.000000000000000000e+00 5.000000000000000000e-01
6.300000000000000000e+01 2.178095635302901911e+01 2.174347823908606614e+01 2.107323976231740303e+01 2.218700454018667401e+01 5.019897011567926448e+00 1.200000000000000000e+01 1.150000000000000000e+01 1.650000000000000000e+01 4.000000000000000000e+01 3.700000000000000000e+01 2.000000000000000000e+00
6.400000000000000000e+01 1.980489996202101821e+01 1.953183783532320561e+01 1.763289756647180440e+01 2.075010443043362685e+01 1.502260807608224802e+01 2.400000000000000000e+01 1.800000000000000000e+01 1.180000000000000000e+02 1.600000000000000000e+02 0.000000000000000000e+00 5.000000000000000000e-01
6.500000000000000000e+01 1.982065631397300365e+01 1.957337620739325246e+01 1.761186881092186951e+01 2.105766197245612048e+01 1.636360753649395505e+01 4.200000000000000000e+01 2.400000000000000000e+01 9.400000000000000000e+01 1.600000000000000000e+02 0.000000000000000000e+00 5.000000000000000000e-01
6.600000000000000000e+01 2.051472289779927038e+01 2.007401411044942918e+01 1.777860639517064456e+01 2.105640306943885065e+01 1.556674548572629924e+01 1.466666666666666607e+01 1.266666666666666607e+01 2.600000000000000000e+01 5.333333333333333570e+01 1.200000000000000000e+01 1.500000000000000000e+00
6.700000000000000000e+01 1.427944078619868051e+01 1.401569560106931078e+01 1.214024114008611477e+01 1.545440165106834840e+01 2.144476755431763237e+01 1.800000000000000000e+01 1.866666666666666785e+01 1.666666666666666785e+01 5.333333333333333570e+01 3.000000000000000000e+01 1.500000000000000000e+00
6.800000000000000000e+01 2.223954131813771795e+01 2.188389112577717910e+01 2.026721777318494588e+01 2.325785154796979270e+01 1.285859860536388588e+01 1.400000000000000000e+01 1.300000000000000000e+01 5.300000000000000000e+01 8.000000000000000000e+01 0.000000000000000000e+00 1.000000000000000000e+00
6.900000000000000000e+01 2.176232701986985774e+01 2.177573149682757148e+01 2.127443806832713591e+01 2.226275545494341657e+01 4.439330920273959258e+00 0.000000000000000000e+00 0.000000000000000000e+00 4.000000000000000000e+01 4.000000000000000000e+01 3.500000000000000000e+01 2.000000000000000000e+00
7.000000000000000000e+01 2.062049164359949316e+01 2.023772524649099580e+01 1.804495020738534095e+01 2.166739959698240980e+01 1.671843163912278030e+01 2.800000000000000000e+01 2.000000000000000000e+01 1.120000000000000000e+02 1.600000000000000000e+02 0.000000000000000000e+00 5.000000000000000000e-01
7.100000000000000000e+01 2.146363097085006189e+01 2.145965233761769753e+01 2.096666577643834728e+01 2.195316340295266855e+01 4.493646808011454219e+00 6.500000000000000000e+00 5.500000000000000000e+00 2.800000000000000000e+01 4.000000000000000000e+01 3.500000000000000000e+01 2.000000000000000000e+00
7.200000000000000000e+01 1.963502712911454751e+01 1.926275705757391776e+01 1.753912501068534979e+01 2.094822852905886990e+01 1.627394657092123609e+01 1.300000000000000000e+01 1.250000000000000000e+01 1.450000000000000000e+01 4.000000000000000000e+01 2.400000000000000000e+01 2.000000000000000000e+00
7.300000000000000000e+01 1.648568954479701887e+01 1.656437025524774498e+01 1.522719392188526655e+01 1.795183675249613486e+01 1.517751563907251366e+01 1.400000000000000000e+01 7.333333333333333037e+00 3.200000000000000000e+01 5.333333333333333570e+01 2.200000000000000000e+01 1.500000000000000000e+00
7.400000000000000000e+01 2.083647132727980633e+01 2.120849128206227618e+01 1.927658876789702447e+01 2.297783090287159169e+01 1.610788307486419413e+01 1.200000000000000000e+01 1.200000000000000000e+01 5.600000000000000000e+01 8.000000000000000000e+01 6.000000000000000000e+00 1.000000000000000000e+00
